070322|A50CHIN-C22|0.160|0.150|0.230|+0.070|+43.75|33,398
070324|A50CHIN-C24|0.765|0.770|0.770|+0.005|+0.65|100
070326|A50CHIN-C26|0.430|0.520|0.520|+0.090|+20.93|1,300
070328|A50CHIN-C28|0.240|0.235|0.270|+0.030|+12.50|5,465
070330|A50CHIN-C30|0.330|0.310|0.370|+0.040|+12.12|62,034
070332|A50CHIN-C32|0.720|0.000|0.000|0.000|0.00|0
070334|A50CHIN-C34|0.880|0.000|0.000|0.000|0.00|0
070336|A50CHIN-C36|0.530|0.525|0.595|+0.065|+12.26|5,139
070321|A50CHIN-H21|0.050|0.000|0.000|0.000|0.00|0
070323|A50CHIN-H23|0.005|0.005|0.005|0.000|0.00|200
070325|A50CHIN-H25|0.035|0.000|0.000|0.000|0.00|0
070327|A50CHIN-H27|0.080|0.080|0.065|-0.015|-18.75|20,983
7054|AASIA|0.145|0.150|0.150|+0.005|+3.45|550
5238|AAX|0.255|0.255|0.250|-0.005|-1.96|47,543
523820|AAX-C20|0.005|0.000|0.000|0.000|0.00|0
523821|AAX-C21|0.005|0.000|0.000|0.000|0.00|0
5238WA|AAX-WA|0.050|0.050|0.050|0.000|0.00|13,089
0800EA|ABFMY1|1.173|0.000|0.000|0.000|0.00|0
7086|ABLEGRP|0.070|0.000|0.000|0.000|0.00|0
2488|ABMB|4.150|4.150|4.200|+0.050|+1.20|4,117
2488CY|ABMB-CY|0.100|0.000|0.000|0.000|0.00|0
7131|ACME|0.250|0.000|0.000|0.000|0.00|0
7120|ACOSTEC|0.450|0.435|0.430|-0.020|-4.44|9,554
5281|ADVCON|0.430|0.430|0.450|+0.020|+4.65|48,578
7191|ADVENTA|0.360|0.375|0.375|+0.015|+4.17|2
9148|ADVPKG|1.860|0.000|0.000|0.000|0.00|0
7146|AEM|0.115|0.000|0.000|0.000|0.00|0
7146WA|AEM-WA|0.005|0.000|0.000|0.000|0.00|0
0181|AEMULUS|0.250|0.250|0.255|+0.005|+2.00|18,089
6599|AEON|1.570|1.570|1.580|+0.010|+0.64|4,613
6599CO|AEON-CO|0.045|0.045|0.050|+0.005|+11.11|1,400
6599CP|AEON-CP|0.050|0.000|0.000|0.000|0.00|0
6599CQ|AEON-CQ|0.030|0.000|0.000|0.000|0.00|0
5139|AEONCR|17.040|17.320|17.160|+0.120|+0.70|218
5139LA|AEONCR-LA|1.570|1.600|1.610|+0.040|+2.55|190
5185|AFFIN|2.280|2.280|2.260|-0.020|-0.88|535
5198|AFUJIYA|0.560|0.540|0.520|-0.040|-7.14|3,220
7315|AHB|0.145|0.150|0.145|0.000|0.00|18,136
7315WB|AHB-WB|0.010|0.010|0.010|0.000|0.00|6,873
7090|AHEALTH|9.300|9.400|9.350|+0.050|+0.54|156
4952|AHP|0.780|0.780|0.780|0.000|0.00|20
0122|AIM|0.240|0.000|0.000|0.000|0.00|0
5099|AIRASIA|2.790|2.800|2.790|0.000|0.00|32,303
509959|AIRASIAC59|0.020|0.000|0.000|0.000|0.00|0
509967|AIRASIAC67|0.090|0.095|0.100|+0.010|+11.11|5,532
509968|AIRASIAC68|0.005|0.000|0.000|0.000|0.00|0
509969|AIRASIAC69|0.020|0.000|0.000|0.000|0.00|0
509970|AIRASIAC70|0.010|0.010|0.010|0.000|0.00|2,000
509971|AIRASIAC71|0.085|0.085|0.085|0.000|0.00|304
509972|AIRASIAC72|0.185|0.190|0.190|+0.005|+2.70|2,200
509973|AIRASIAC73|0.215|0.215|0.215|0.000|0.00|2,000
509974|AIRASIAC74|0.320|0.000|0.000|0.000|0.00|0
509975|AIRASIAC75|0.140|0.000|0.000|0.000|0.00|0
509976|AIRASIAC76|0.065|0.065|0.065|0.000|0.00|8,000
509977|AIRASIAC77|0.075|0.080|0.080|+0.005|+6.67|30,500
509978|AIRASIAC78|0.105|0.105|0.105|0.000|0.00|2,000
509979|AIRASIAC79|0.055|0.000|0.000|0.000|0.00|0
509980|AIRASIAC80|0.050|0.000|0.000|0.000|0.00|0
5014|AIRPORT|7.760|7.750|7.710|-0.050|-0.64|21,692
5014C2|AIRPORT-C2|0.005|0.000|0.000|0.000|0.00|0
5014C4|AIRPORT-C4|0.060|0.000|0.000|0.000|0.00|0
5014C5|AIRPORT-C5|0.055|0.000|0.000|0.000|0.00|0
5014C6|AIRPORT-C6|0.120|0.000|0.000|0.000|0.00|0
5014C7|AIRPORT-C7|0.090|0.000|0.000|0.000|0.00|0
2682|AISB|0.255|0.260|0.260|+0.005|+1.96|23
2658|AJI|18.380|18.380|18.320|-0.060|-0.33|98
7609|AJIYA|0.530|0.530|0.530|0.000|0.00|618
7609WA|AJIYA-WA|0.100|0.090|0.100|0.000|0.00|2,330
5115|ALAM|0.150|0.150|0.145|-0.005|-3.33|36,016
5116|ALAQAR|1.360|1.350|1.360|0.000|0.00|2,278
2674|ALCOM|0.550|0.540|0.550|0.000|0.00|980
1163|ALLIANZ|14.420|14.500|14.400|-0.020|-0.14|1,411
1163PA|ALLIANZ-PA|14.300|0.000|0.000|0.000|0.00|0
5269|ALSREIT|0.850|0.845|0.850|0.000|0.00|337
1015|AMBANK|4.600|4.530|4.580|-0.020|-0.43|26,070
101510|AMBANK-C10|0.160|0.180|0.180|+0.020|+12.50|80
101511|AMBANK-C11|0.180|0.155|0.160|-0.020|-11.11|3,998
101512|AMBANK-C12|0.135|0.140|0.140|+0.005|+3.70|4,000
101513|AMBANK-C13|0.095|0.000|0.000|0.000|0.00|0
0159|AMEDIA|0.155|0.155|0.155|0.000|0.00|4,615
5120|AMFIRST|0.535|0.530|0.535|0.000|0.00|750
03011|AMLEX|0.180|0.000|0.000|0.000|0.00|0
1007|AMPROP|0.515|0.515|0.515|0.000|0.00|370
1007PA|AMPROP-PA|0.245|0.240|0.255|+0.010|+4.08|59
1007PB|AMPROP-PB|0.580|0.000|0.000|0.000|0.00|0
7051|AMTEK|0.175|0.000|0.000|0.000|0.00|0
7031|AMTEL|0.665|0.000|0.000|0.000|0.00|0
5959|AMVERTON|1.100|1.130|1.170|+0.070|+6.36|101
6351|AMWAY|5.960|6.120|5.960|0.000|0.00|105
7083|ANALABS|1.120|0.000|0.000|0.000|0.00|0
4758|ANCOM|0.480|0.480|0.480|0.000|0.00|500
0048|ANCOMLB|0.085|0.085|0.085|0.000|0.00|1,257
6556|ANNJOO|1.560|1.580|1.540|-0.020|-1.28|5,361
6556PA|ANNJOO-PA|0.545|0.550|0.550|+0.005|+0.92|90
9342|ANZO|0.040|0.040|0.040|0.000|0.00|1,000
9342WA|ANZO-WA|0.005|0.000|0.000|0.000|0.00|0
9342WB|ANZO-WB|0.025|0.000|0.000|0.000|0.00|0
9342WC|ANZO-WC|0.005|0.000|0.000|0.000|0.00|0
5568|APB|0.730|0.710|0.700|-0.030|-4.11|275
5088|APEX|0.995|0.995|1.020|+0.025|+2.51|140
5194|APFT|0.015|0.015|0.020|+0.005|+33.33|732,794
5015|APM|3.100|3.100|3.010|-0.090|-2.90|30
6432|APOLLO|3.900|3.900|3.920|+0.020|+0.51|59
0119|APPASIA|0.090|0.090|0.095|+0.005|+5.56|14,479
0119WA|APPASIA-WA|0.040|0.040|0.040|0.000|0.00|6,563
7214|ARANK|0.515|0.515|0.520|+0.005|+0.97|940
7007|ARK|0.500|0.000|0.000|0.000|0.00|0
7007WB|ARK-WB|0.090|0.000|0.000|0.000|0.00|0
5210|ARMADA|0.190|0.195|0.200|+0.010|+5.26|707,129
521040|ARMADA-C40|0.005|0.000|0.000|0.000|0.00|0
521043|ARMADA-C43|0.005|0.000|0.000|0.000|0.00|0
521045|ARMADA-C45|0.005|0.000|0.000|0.000|0.00|0
521046|ARMADA-C46|0.005|0.000|0.000|0.000|0.00|0
521047|ARMADA-C47|0.005|0.000|0.000|0.000|0.00|0
521048|ARMADA-C48|0.005|0.000|0.000|0.000|0.00|0
521049|ARMADA-C49|0.010|0.005|0.005|-0.005|-50.00|10,000
521050|ARMADA-C50|0.015|0.000|0.000|0.000|0.00|0
5127|ARREIT|0.835|0.835|0.845|+0.010|+1.20|135
1481|ASB|0.140|0.140|0.150|+0.010|+7.14|125,351
0068|ASDION|0.280|0.290|0.290|+0.010|+3.57|84,619
0068WB|ASDION-WB|0.005|0.000|0.000|0.000|0.00|0
7722|ASIABRN|0.495|0.000|0.000|0.000|0.00|0
7129|ASIAFLE|2.580|2.540|2.540|-0.040|-1.55|30
4057|ASIAPAC|0.120|0.120|0.125|+0.005|+4.17|2,935
4057LC|ASIAPAC-LC|0.580|0.580|0.580|0.000|0.00|100
4057WB|ASIAPAC-WB|0.045|0.000|0.000|0.000|0.00|0
0105|ASIAPLY|0.080|0.075|0.080|0.000|0.00|1,202
0105PA|ASIAPLY-PA|0.035|0.035|0.035|0.000|0.00|1,000
0105WA|ASIAPLY-WA|0.015|0.015|0.015|0.000|0.00|229
0105WB|ASIAPLY-WB|0.025|0.000|0.000|0.000|0.00|0
7162|ASTINO|0.660|0.650|0.660|0.000|0.00|1,639
6399|ASTRO|1.550|1.560|1.590|+0.040|+2.58|7,986
639910|ASTRO-C10|0.115|0.115|0.115|0.000|0.00|12,951
639911|ASTRO-C11|0.110|0.000|0.000|0.000|0.00|0
639912|ASTRO-C12|0.085|0.000|0.000|0.000|0.00|0
639913|ASTRO-C13|0.080|0.000|0.000|0.000|0.00|0
639914|ASTRO-C14|0.060|0.000|0.000|0.000|0.00|0
0072|AT|0.050|0.050|0.050|0.000|0.00|4,100
0072WB|AT-WB|0.005|0.005|0.005|0.000|0.00|10,316
8176|ATAIMS|1.750|1.760|1.800|+0.050|+2.86|7,057
7048|ATLAN|4.380|4.390|4.490|+0.110|+2.51|827
5130|ATRIUM|1.120|1.120|1.110|-0.010|-0.89|2,692
7099|ATTA|0.635|0.640|0.615|-0.020|-3.15|914
7099LA|ATTA-LA|0.085|0.085|0.085|0.000|0.00|2,930
7099PA|ATTA-PA|0.125|0.135|0.145|+0.020|+16.00|4,605
7099WB|ATTA-WB|0.090|0.000|0.000|0.000|0.00|0
7099WC|ATTA-WC|0.095|0.090|0.090|-0.005|-5.26|56
7181|ATURMJU|0.380|0.390|0.385|+0.005|+1.32|48,886
7181PA|ATURMJU-PA|0.195|0.200|0.180|-0.015|-7.69|51,714
8885|AVI|0.230|0.230|0.225|-0.005|-2.17|695
7579|AWC|0.775|0.775|0.780|+0.005|+0.65|16,653
7579WA|AWC-WA|0.255|0.260|0.265|+0.010|+3.92|9,566
6888|AXIATA|4.200|4.190|4.250|+0.050|+1.19|19,711
688828|AXIATA-C28|0.020|0.000|0.000|0.000|0.00|0
688829|AXIATA-C29|0.005|0.000|0.000|0.000|0.00|0
688830|AXIATA-C30|0.040|0.040|0.040|0.000|0.00|3,000
688831|AXIATA-C31|0.040|0.000|0.000|0.000|0.00|0
688832|AXIATA-C32|0.110|0.000|0.000|0.000|0.00|0
688833|AXIATA-C33|0.180|0.185|0.190|+0.010|+5.56|2,974
688834|AXIATA-C34|0.180|0.195|0.190|+0.010|+5.56|44
688835|AXIATA-C35|0.155|0.000|0.000|0.000|0.00|0
688836|AXIATA-C36|0.190|0.200|0.200|+0.010|+5.26|6,000
688837|AXIATA-C37|0.085|0.090|0.095|+0.010|+11.76|12
5106|AXREIT|1.730|1.730|1.740|+0.010|+0.58|2,085
2305|AYER|4.300|0.000|0.000|0.000|0.00|0
5021|AYS|0.350|0.345|0.345|-0.005|-1.43|4,035
7078|AZRB|0.475|0.475|0.530|+0.055|+11.58|209,945
7078WA|AZRB-WA|0.210|0.210|0.270|+0.060|+28.57|25,171
0098|BAHVEST|0.710|0.715|0.740|+0.030|+4.23|248,187
0098WA|BAHVEST-WA|0.440|0.445|0.475|+0.035|+7.95|83,402
7251|BARAKAH|0.125|0.115|0.115|-0.010|-8.00|220,082
4162|BAT|34.560|34.560|34.260|-0.300|-0.87|1,700
4162CM|BAT-CM|0.065|0.000|0.000|0.000|0.00|0
4162CN|BAT-CN|0.130|0.000|0.000|0.000|0.00|0
4162CO|BAT-CO|0.075|0.000|0.000|0.000|0.00|0
5248|BAUTO|2.350|2.350|2.340|-0.010|-0.43|42,542
5248C1|BAUTO-C1|0.090|0.090|0.085|-0.005|-5.56|620
5248CY|BAUTO-CY|0.145|0.000|0.000|0.000|0.00|0
5248CZ|BAUTO-CZ|0.215|0.000|0.000|0.000|0.00|0
6602|BCB|0.275|0.280|0.290|+0.015|+5.45|1,430
0187|BCMALL|0.205|0.205|0.205|0.000|0.00|8,870
6173|BDB|0.335|0.340|0.340|+0.005|+1.49|2,191
5190|BENALEC|0.210|0.210|0.210|0.000|0.00|2,870
9814|BERTAM|0.275|0.275|0.275|0.000|0.00|30,500
8133|BHIC|1.220|1.230|1.240|+0.020|+1.64|207
7005|BIG|0.470|0.450|0.470|0.000|0.00|2,694
5258|BIMB|4.200|4.250|4.210|+0.010|+0.24|3,019
5258WA|BIMB-WA|0.260|0.250|0.255|-0.005|-1.92|2,496
0195|BINACOM|0.405|0.405|0.400|-0.005|-1.23|300
6998|BINTAI|0.140|0.140|0.140|0.000|0.00|9,689
6998WA|BINTAI-WA|0.045|0.000|0.000|0.000|0.00|0
0179|BIOHLDG|0.210|0.210|0.205|-0.005|-2.38|5,036
0179WA|BIOHLDG-WA|0.090|0.085|0.085|-0.005|-5.56|2,972
7243|BIOOSMO|0.060|0.055|0.060|0.000|0.00|6,060
5032|BIPORT|4.680|4.680|4.680|0.000|0.00|10
3239|BJASSET|0.295|0.295|0.285|-0.010|-3.39|9,952
3239WB|BJASSET-WB|0.065|0.060|0.060|-0.005|-7.69|300
3395|BJCORP|0.275|0.270|0.270|-0.005|-1.82|37,255
339510|BJCORP-C10|0.005|0.005|0.005|0.000|0.00|600
339511|BJCORP-C11|0.020|0.000|0.000|0.000|0.00|0
3395LD|BJCORP-LD|0.345|0.340|0.350|+0.005|+1.45|3,589
3395LE|BJCORP-LE|0.385|0.000|0.000|0.000|0.00|0
3395WB|BJCORP-WB|0.045|0.045|0.045|0.000|0.00|517
3395WC|BJCORP-WC|0.075|0.070|0.075|0.000|0.00|700
5196|BJFOOD|1.600|1.590|1.620|+0.020|+1.25|7,405
4219|BJLAND|0.280|0.285|0.285|+0.005|+1.79|25,092
6025|BJMEDIA|0.200|0.000|0.000|0.000|0.00|0
1562|BJTOTO|2.330|2.350|2.370|+0.040|+1.72|7,513
1562CW|BJTOTO-CW|0.060|0.000|0.000|0.000|0.00|0
1562CX|BJTOTO-CX|0.090|0.000|0.000|0.000|0.00|0
1899|BKAWAN|17.180|17.140|17.100|-0.080|-0.47|47
5069|BLDPLNT|6.960|0.000|0.000|0.000|0.00|0
0508C5|BOC-C5|0.130|0.000|0.000|0.000|0.00|0
0168|BOILERM|0.540|0.540|0.530|-0.010|-1.85|1,371
9288|BONIA|0.265|0.255|0.275|+0.010|+3.77|2,337
7036|BORNOIL|0.045|0.050|0.040|-0.005|-11.11|252,795
7036WC|BORNOIL-WC|0.020|0.020|0.015|-0.005|-25.00|2,450
7036WD|BORNOIL-WD|0.025|0.020|0.020|-0.005|-20.00|5,612
6297|BOXPAK|1.050|1.080|1.080|+0.030|+2.86|10
6297WA|BOXPAK-WA|0.175|0.000|0.000|0.000|0.00|0
5254|BPLANT|0.815|0.815|0.805|-0.010|-1.23|1,869
5100|BPPLAS|1.100|1.100|1.110|+0.010|+0.91|1,593
5932|BPURI|0.195|0.195|0.190|-0.005|-2.56|14,451
9474|BRAHIMS|0.175|0.175|0.170|-0.005|-2.86|45,822
8761|BREM|0.770|0.760|0.750|-0.020|-2.60|112
9938|BRIGHT|0.200|0.000|0.000|0.000|0.00|0
7221|BSLCORP|0.420|0.360|0.370|-0.050|-11.90|11
2771|BSTEAD|1.360|1.380|1.370|+0.010|+0.74|1,109
0011|BTECH|0.320|0.325|0.320|0.000|0.00|52,972
7188|BTM|0.120|0.110|0.120|0.000|0.00|303
7188WA|BTM-WA|0.015|0.000|0.000|0.000|0.00|0
7188WB|BTM-WB|0.040|0.000|0.000|0.000|0.00|0
1818|BURSA|7.000|7.010|6.990|-0.010|-0.14|2,134
181820|BURSA-C20|0.005|0.000|0.000|0.000|0.00|0
181821|BURSA-C21|0.075|0.000|0.000|0.000|0.00|0
181822|BURSA-C22|0.055|0.000|0.000|0.000|0.00|0
181823|BURSA-C23|0.050|0.000|0.000|0.000|0.00|0
7174|CAB|0.630|0.635|0.630|0.000|0.00|16,526
7174WA|CAB-WA|0.435|0.445|0.460|+0.025|+5.75|512
0191|CABNET|0.305|0.300|0.300|-0.005|-1.64|1,902
0191WA|CABNET-WA|0.070|0.000|0.000|0.000|0.00|0
7154|CAELY|0.945|0.910|0.935|-0.010|-1.06|100
7154WA|CAELY-WA|0.550|0.000|0.000|0.000|0.00|0
7128|CAMRES|0.270|0.245|0.250|-0.020|-7.41|410
5105|CANONE|3.080|3.100|3.070|-0.010|-0.32|4,795
5229|CAP|0.010|0.000|0.000|0.000|0.00|0
0163|CAREPLS|0.175|0.175|0.170|-0.005|-2.86|2,325
5257|CARIMIN|0.930|0.940|0.950|+0.020|+2.15|233,789
5245|CARING|1.940|1.940|1.960|+0.020|+1.03|254
2836|CARLSBG|25.740|25.960|25.360|-0.380|-1.48|2,132
7076|CBIP|1.120|1.120|1.100|-0.020|-1.79|3,605
7076WA|CBIP-WA|0.015|0.015|0.015|0.000|0.00|1,010
2925|CCB|1.590|1.550|1.590|0.000|0.00|27
7035|CCK|0.630|0.635|0.625|-0.005|-0.79|8,958
7035WA|CCK-WA|0.130|0.135|0.130|0.000|0.00|3,515
2879|CCM|1.910|1.910|1.890|-0.020|-1.05|2,543
5195|CENSOF|0.155|0.155|0.150|-0.005|-3.23|2,297
5195WB|CENSOF-WB|0.005|0.000|0.000|0.000|0.00|0
8982|CEPAT|0.600|0.600|0.590|-0.010|-1.67|200
8435|CEPCO|0.630|0.000|0.000|0.000|0.00|0
8044|CFM|1.260|0.000|0.000|0.000|0.00|0
0579C1|CGARDEN-C1|0.105|0.000|0.000|0.000|0.00|0
7209|CHEETAH|0.340|0.000|0.000|0.000|0.00|0
7187|CHGP|0.350|0.350|0.350|0.000|0.00|31
7187WA|CHGP-WA|0.185|0.000|0.000|0.000|0.00|0
5738|CHHB|1.550|1.500|1.570|+0.020|+1.29|3,378
5738WB|CHHB-WB|0.410|0.370|0.415|+0.005|+1.22|181
0829EA|CHINAETF-MYR|5.770|5.790|5.790|+0.020|+0.35|2
0829EB|CHINAETF-USD|1.275|0.000|0.000|0.000|0.00|0
5273|CHINHIN|0.795|0.800|0.800|+0.005|+0.63|2,812
1929|CHINTEK|6.700|6.700|6.700|0.000|0.00|34
5007|CHINWEL|1.790|1.790|1.800|+0.010|+0.56|558
0501CG|CHMOBIL-CG|0.185|0.000|0.000|0.000|0.00|0
5797|CHOOBEE|1.610|1.600|1.600|-0.010|-0.62|30
7016|CHUAN|0.410|0.410|0.410|0.000|0.00|300
8052|CICB|0.590|0.000|0.000|0.000|0.00|0
2828|CIHLDG|1.450|0.000|0.000|0.000|0.00|0
1023|CIMB|5.480|5.490|5.480|0.000|0.00|103,629
102340|CIMB-C40|0.025|0.000|0.000|0.000|0.00|0
102341|CIMB-C41|0.075|0.000|0.000|0.000|0.00|0
102342|CIMB-C42|0.050|0.000|0.000|0.000|0.00|0
102343|CIMB-C43|0.025|0.000|0.000|0.000|0.00|0
102344|CIMB-C44|0.035|0.000|0.000|0.000|0.00|0
102345|CIMB-C45|0.070|0.070|0.065|-0.005|-7.14|20,124
102346|CIMB-C46|0.080|0.000|0.000|0.000|0.00|0
102347|CIMB-C47|0.075|0.000|0.000|0.000|0.00|0
0822EA|CIMBA40|1.855|0.000|0.000|0.000|0.00|0
0823EA|CIMBC50|1.635|1.640|1.650|+0.015|+0.92|157
7117|CJCEN|0.440|0.440|0.445|+0.005|+1.14|4,713
0514C3|CKHUTCH-C3|0.075|0.000|0.000|0.000|0.00|0
03001|CLOUD|0.300|0.000|0.000|0.000|0.00|0
7018|CME|0.040|0.000|0.000|0.000|0.00|0
7018LA|CME-LA|0.025|0.000|0.000|0.000|0.00|0
7018WA|CME-WA|0.025|0.000|0.000|0.000|0.00|0
5180|CMMT|1.100|1.100|1.110|+0.010|+0.91|26,639
2852|CMSB|3.390|3.390|3.410|+0.020|+0.59|6,265
285214|CMSB-C14|0.085|0.000|0.000|0.000|0.00|0
285215|CMSB-C15|0.135|0.135|0.130|-0.005|-3.70|801
7986|CNASIA|0.500|0.450|0.450|-0.050|-10.00|200
5104|CNI|0.075|0.070|0.075|0.000|0.00|2,424
5188|CNOUHUA|0.050|0.000|0.000|0.000|0.00|0
5071|COASTAL|1.290|1.300|1.250|-0.040|-3.10|1,602
7205|COCOLND|1.990|1.990|2.050|+0.060|+3.02|496
7195|COMCORP|0.115|0.115|0.125|+0.010|+8.70|732
2127|COMFORT|0.825|0.825|0.835|+0.010|+1.21|1,327
5136|COMPLET|0.910|0.920|0.885|-0.025|-2.75|3,143
5037|COMPUGT|0.025|0.025|0.025|0.000|0.00|29,900
0102|CONNECT|0.110|0.110|0.105|-0.005|-4.55|1,619
0102PA|CONNECT-PA|0.030|0.000|0.000|0.000|0.00|0
0102WA|CONNECT-WA|0.030|0.000|0.000|0.000|0.00|0
0102WB|CONNECT-WB|0.025|0.000|0.000|0.000|0.00|0
8591|CRESBLD|1.040|1.060|1.170|+0.130|+12.50|69,002
6718|CRESNDO|1.320|1.300|1.300|-0.020|-1.52|20
03016|CRG|0.045|0.000|0.000|0.000|0.00|0
7202|CSCENIC|1.130|1.130|1.110|-0.020|-1.77|753
5094|CSCSTEL|1.090|1.080|1.090|0.000|0.00|1,329
5214|CSL|0.010|0.000|0.000|0.000|0.00|0
0051|CUSCAPI|0.220|0.225|0.225|+0.005|+2.27|266,812
5049|CVIEW|1.520|0.000|0.000|0.000|0.00|0
9423|CWG|0.420|0.415|0.415|-0.005|-1.19|160
7157|CYL|0.465|0.000|0.000|0.000|0.00|0
5082|CYMAO|0.345|0.000|0.000|0.000|0.00|0
5184|CYPARK|1.700|1.730|1.730|+0.030|+1.76|10,986
7204|D&O|0.715|0.715|0.730|+0.015|+2.10|45,724
8125|DAIBOCI|1.580|1.580|1.580|0.000|0.00|6,371
8125WB|DAIBOCI-WB|0.125|0.125|0.135|+0.010|+8.00|772
5355|DAIMAN|2.990|0.000|0.000|0.000|0.00|0
5276|DANCO|0.620|0.630|0.630|+0.010|+1.61|41,668
5276WA|DANCO-WA|0.390|0.395|0.390|0.000|0.00|42,458
8338|DATAPRP|0.245|0.245|0.240|-0.005|-2.04|11,600
0091|DAYA|0.010|0.010|0.010|0.000|0.00|68,002
5141|DAYANG|1.710|1.740|1.620|-0.090|-5.26|562,949
7179|DBE|0.030|0.030|0.030|0.000|0.00|8,552
7179WB|DBE-WB|0.010|0.000|0.000|0.000|0.00|0
3484|DBHD|0.530|0.530|0.540|+0.010|+1.89|59,827
3484WA|DBHD-WA|0.115|0.115|0.120|+0.005|+4.35|18,927
7119|DEGEM|1.050|0.000|0.000|0.000|0.00|0
5132|DELEUM|1.120|1.120|1.100|-0.020|-1.79|4,136
7212|DESTINI|0.315|0.330|0.340|+0.025|+7.94|923,539
0152|DGB|0.120|0.120|0.120|0.000|0.00|1,233
0152WB|DGB-WB|0.030|0.000|0.000|0.000|0.00|0
0131|DGSB|0.085|0.085|0.080|-0.005|-5.88|23,718
7277|DIALOG|3.230|3.250|3.200|-0.030|-0.93|55,879
727733|DIALOG-C33|0.005|0.000|0.000|0.000|0.00|0
727735|DIALOG-C35|0.005|0.000|0.000|0.000|0.00|0
727736|DIALOG-C36|0.055|0.040|0.040|-0.015|-27.27|1,998
727737|DIALOG-C37|0.045|0.050|0.045|0.000|0.00|504
727738|DIALOG-C38|0.040|0.030|0.025|-0.015|-37.50|2
727739|DIALOG-C39|0.050|0.000|0.000|0.000|0.00|0
727740|DIALOG-C40|0.115|0.120|0.110|-0.005|-4.35|4,070
727741|DIALOG-C41|0.105|0.105|0.095|-0.010|-9.52|28,644
727742|DIALOG-C42|0.135|0.000|0.000|0.000|0.00|0
727743|DIALOG-C43|0.100|0.000|0.000|0.000|0.00|0
727744|DIALOG-C44|0.075|0.080|0.075|0.000|0.00|1,279
6947|DIGI|4.620|4.600|4.670|+0.050|+1.08|54,097
694724|DIGI-C24|0.045|0.045|0.045|0.000|0.00|4
694725|DIGI-C25|0.105|0.000|0.000|0.000|0.00|0
694726|DIGI-C26|0.115|0.000|0.000|0.000|0.00|0
694727|DIGI-C27|0.105|0.110|0.110|+0.005|+4.76|4,616
694728|DIGI-C28|0.050|0.000|0.000|0.000|0.00|0
0029|DIGISTA|0.045|0.045|0.050|+0.005|+11.11|10,121
0029WB|DIGISTA-WB|0.015|0.020|0.020|+0.005|+33.33|500
0400GA|DIN040000223|99.500|0.000|0.000|0.000|0.00|0
0400GC|DIN042300721|100.500|0.000|0.000|0.000|0.00|0
0400GB|DIN045801028|100.700|0.000|0.000|0.000|0.00|0
7528|DKLS|1.750|0.000|0.000|0.000|0.00|0
5908|DKSH|2.470|2.470|2.460|-0.010|-0.40|575
3026|DLADY|64.000|64.000|64.000|0.000|0.00|38
4456|DNEX|0.315|0.310|0.305|-0.010|-3.17|78,850
4456WD|DNEX-WD|0.080|0.080|0.080|0.000|0.00|27,120
7114|DNONCE|0.440|0.440|0.435|-0.005|-1.14|649
7114WA|DNONCE-WA|0.210|0.000|0.000|0.000|0.00|0
5835|DOLMITE|0.100|0.000|0.000|0.000|0.00|0
5265|DOLPHIN|0.145|0.145|0.145|0.000|0.00|12,420
5265WA|DOLPHIN-WA|0.035|0.030|0.030|-0.005|-14.29|200
7169|DOMINAN|1.290|1.270|1.270|-0.020|-1.55|230
7169WA|DOMINAN-WA|0.080|0.000|0.000|0.000|0.00|0
7148|DPHARMA|1.100|1.110|1.120|+0.020|+1.82|4,966
0205|DPIH|0.210|0.215|0.210|0.000|0.00|8,591
7198|DPS|0.065|0.065|0.070|+0.005|+7.69|1,494
7198WB|DPS-WB|0.030|0.030|0.030|0.000|0.00|2,000
1619|DRBHCOM|1.920|1.950|1.940|+0.020|+1.04|17,953
161960|DRBHCOMC60|0.030|0.030|0.030|0.000|0.00|3,000
161962|DRBHCOMC62|0.005|0.000|0.000|0.000|0.00|0
161963|DRBHCOMC63|0.005|0.000|0.000|0.000|0.00|0
161964|DRBHCOMC64|0.015|0.005|0.005|-0.010|-66.67|12,800
161966|DRBHCOMC66|0.005|0.000|0.000|0.000|0.00|0
161967|DRBHCOMC67|0.010|0.015|0.015|+0.005|+50.00|265
161968|DRBHCOMC68|0.105|0.100|0.095|-0.010|-9.52|24,811
161969|DRBHCOMC69|0.120|0.000|0.000|0.000|0.00|0
161970|DRBHCOMC70|0.180|0.175|0.170|-0.010|-5.56|5,803
161971|DRBHCOMC71|0.130|0.130|0.130|0.000|0.00|1,000
161972|DRBHCOMC72|0.130|0.135|0.130|0.000|0.00|3,000
161973|DRBHCOMC73|0.105|0.000|0.000|0.000|0.00|0
161974|DRBHCOMC74|0.100|0.100|0.095|-0.005|-5.00|11,867
161975|DRBHCOMC75|0.095|0.095|0.085|-0.010|-10.53|1,808
5216|DSONIC|0.545|0.540|0.530|-0.015|-2.75|51,482
5216WA|DSONIC-WA|0.090|0.095|0.090|0.000|0.00|14,591
7233|DUFU|1.640|1.670|1.620|-0.020|-1.22|21,034
3948|DUTALND|0.500|0.505|0.500|0.000|0.00|3,684
7165|DWL|0.785|0.000|0.000|0.000|0.00|0
7165PA|DWL-PA|0.220|0.210|0.205|-0.015|-6.82|200
7165WA|DWL-WA|0.225|0.225|0.225|0.000|0.00|300
5178|DYNACIA|0.090|0.095|0.090|0.000|0.00|25,166
5178PA|DYNACIA-PA|0.045|0.045|0.045|0.000|0.00|11,552
5178WA|DYNACIA-WA|0.040|0.040|0.040|0.000|0.00|7,550
3417|E&O|0.915|0.930|0.920|+0.005|+0.55|59,714
341713|E&O-C13|0.100|0.110|0.110|+0.010|+10.00|28,900
3417WB|E&O-WB|0.005|0.000|0.000|0.000|0.00|0
0154|EAH|0.020|0.015|0.015|-0.005|-25.00|38,944
0154WC|EAH-WC|0.005|0.000|0.000|0.000|0.00|0
0154WD|EAH-WD|0.005|0.005|0.010|+0.005|+100.00|6,692
0154WE|EAH-WE|0.010|0.005|0.010|0.000|0.00|10,267
2097|EASTLND|0.115|0.110|0.110|-0.005|-4.35|1,210
5259|EATECH|0.480|0.480|0.470|-0.010|-2.08|37,614
2143|ECM|0.270|0.280|0.280|+0.010|+3.70|4
3557|ECOFIRS|0.300|0.295|0.300|0.000|0.00|8,347
3557WC|ECOFIRS-WC|0.020|0.000|0.000|0.000|0.00|0
0059|ECOHLDS|0.310|0.310|0.310|0.000|0.00|1,204
5253|ECONBHD|0.455|0.445|0.475|+0.020|+4.40|189,096
5253WA|ECONBHD-WA|0.110|0.110|0.120|+0.010|+9.09|17,156
8206|ECOWLD|0.935|0.940|0.945|+0.010|+1.07|1,568
8206CQ|ECOWLD-CQ|0.005|0.000|0.000|0.000|0.00|0
8206CS|ECOWLD-CS|0.035|0.000|0.000|0.000|0.00|0
8206CT|ECOWLD-CT|0.150|0.000|0.000|0.000|0.00|0
8206WA|ECOWLD-WA|0.180|0.175|0.180|0.000|0.00|201
5036|EDARAN|0.570|0.575|0.550|-0.020|-3.51|5,927
7471|EDEN|0.120|0.120|0.125|+0.005|+4.17|20,997
7471WB|EDEN-WB|0.045|0.050|0.050|+0.005|+11.11|5,106
1368|EDGENTA|2.860|2.850|2.820|-0.040|-1.40|52
0107|EDUSPEC|0.030|0.030|0.030|0.000|0.00|23,851
0064|EFFICEN|0.185|0.185|0.205|+0.020|+10.81|11,828
0065|EFORCE|0.500|0.505|0.500|0.000|0.00|26,966
0065WA|EFORCE-WA|0.150|0.140|0.145|-0.005|-3.33|13,611
8907|EG|0.455|0.455|0.445|-0.010|-2.20|2,759
8907PA|EG-PA|0.450|0.465|0.470|+0.020|+4.44|360
8907WC|EG-WC|0.125|0.125|0.125|0.000|0.00|1,353
5081|EIG|0.655|0.000|0.000|0.000|0.00|0
5208|EITA|1.310|1.310|1.300|-0.010|-0.76|986
7182|EKA|0.065|0.060|0.060|-0.005|-7.69|350
8877|EKOVEST|0.565|0.565|0.550|-0.015|-2.65|87,414
8877CQ|EKOVEST-CQ|0.005|0.000|0.000|0.000|0.00|0
8877CR|EKOVEST-CR|0.005|0.000|0.000|0.000|0.00|0
8877CS|EKOVEST-CS|0.040|0.035|0.035|-0.005|-12.50|200
8877CT|EKOVEST-CT|0.050|0.050|0.045|-0.005|-10.00|7,000
8877WB|EKOVEST-WB|0.095|0.095|0.085|-0.010|-10.53|54,085
9016|EKSONS|0.820|0.000|0.000|0.000|0.00|0
5228|ELKDESA|1.380|1.380|1.390|+0.010|+0.72|976
5228LA|ELKDESA-LA|1.170|0.000|0.000|0.000|0.00|0
0090|ELSOFT|1.020|1.020|1.030|+0.010|+0.98|10,810
7217|EMETALL|0.390|0.390|0.385|-0.005|-1.28|850
9091|EMICO|0.175|0.000|0.000|0.000|0.00|0
6076|ENCORP|0.360|0.380|0.380|+0.020|+5.56|15
7149|ENGKAH|1.040|0.950|0.820|-0.220|-21.15|20
5056|ENGTEX|0.840|0.845|0.855|+0.015|+1.79|2,003
8613|ENRA|1.550|1.500|1.500|-0.050|-3.23|30
7773|EPMB|0.390|0.000|0.000|0.000|0.00|0
0190|ESAFE|0.245|0.215|0.215|-0.030|-12.24|229
0100|ESCERAM|0.155|0.000|0.000|0.000|0.00|0
03021|ETH|0.185|0.000|0.000|0.000|0.00|0
6815|EUPE|0.665|0.655|0.655|-0.010|-1.50|1,400
7208|EURO|0.135|0.135|0.135|0.000|0.00|2,000
7094|EUROSP|0.420|0.405|0.405|-0.015|-3.57|108
5101|EVERGRN|0.375|0.375|0.375|0.000|0.00|8,461
7249|EWEIN|0.595|0.600|0.590|-0.005|-0.84|5,401
5283|EWINT|0.785|0.770|0.765|-0.020|-2.55|5,215
5283WA|EWINT-WA|0.155|0.150|0.150|-0.005|-3.23|11,802
3689|F&N|34.840|34.800|34.800|-0.040|-0.11|2,419
2984|FACBIND|1.290|0.000|0.000|0.000|0.00|0
7047|FAJAR|0.420|0.420|0.440|+0.020|+4.76|37,765
7047WB|FAJAR-WB|0.035|0.035|0.040|+0.005|+14.29|20,886
5029|FAREAST|2.610|2.620|2.740|+0.130|+4.98|188
6041|FARLIM|0.380|0.000|0.000|0.000|0.00|0
7229|FAVCO|2.750|2.740|2.770|+0.020|+0.73|278
06505D|FBMKLCI-C5D|0.085|0.000|0.000|0.000|0.00|0
06505I|FBMKLCI-C5I|0.005|0.000|0.000|0.000|0.00|0
06505J|FBMKLCI-C5J|0.040|0.020|0.020|-0.020|-50.00|740
06505K|FBMKLCI-C5K|0.005|0.000|0.000|0.000|0.00|0
06505L|FBMKLCI-C5L|0.070|0.000|0.000|0.000|0.00|0
06505M|FBMKLCI-C5M|0.100|0.000|0.000|0.000|0.00|0
06505N|FBMKLCI-C5N|0.045|0.050|0.050|+0.005|+11.11|1,000
06505O|FBMKLCI-C5O|0.035|0.040|0.040|+0.005|+14.29|1,400
06505P|FBMKLCI-C5P|0.175|0.195|0.195|+0.020|+11.43|300
06505Q|FBMKLCI-C5Q|0.285|0.295|0.300|+0.015|+5.26|3,200
06505R|FBMKLCI-C5R|0.055|0.060|0.060|+0.005|+9.09|100
06505S|FBMKLCI-C5S|0.145|0.160|0.160|+0.015|+10.34|2,000
06505T|FBMKLCI-C5T|0.230|0.000|0.000|0.000|0.00|0
06505U|FBMKLCI-C5U|0.150|0.000|0.000|0.000|0.00|0
06505V|FBMKLCI-C5V|0.055|0.000|0.000|0.000|0.00|0
06505W|FBMKLCI-C5W|0.035|0.000|0.000|0.000|0.00|0
0820EA|FBMKLCI-EA|1.780|0.000|0.000|0.000|0.00|0
06506F|FBMKLCI-H6F|0.025|0.015|0.015|-0.010|-40.00|150
06506K|FBMKLCI-H6K|0.205|0.000|0.000|0.000|0.00|0
06506L|FBMKLCI-H6L|0.130|0.120|0.120|-0.010|-7.69|1,100
06506M|FBMKLCI-H6M|0.180|0.165|0.165|-0.015|-8.33|400
06506N|FBMKLCI-H6N|0.225|0.000|0.000|0.000|0.00|0
06506O|FBMKLCI-H6O|0.330|0.000|0.000|0.000|0.00|0
06506P|FBMKLCI-H6P|0.050|0.045|0.045|-0.005|-10.00|14,789
06506Q|FBMKLCI-H6Q|0.095|0.000|0.000|0.000|0.00|0
06506R|FBMKLCI-H6R|0.240|0.000|0.000|0.000|0.00|0
06506S|FBMKLCI-H6S|0.355|0.000|0.000|0.000|0.00|0
06506T|FBMKLCI-H6T|0.095|0.090|0.085|-0.010|-10.53|1,000
06506U|FBMKLCI-H6U|0.255|0.000|0.000|0.000|0.00|0
06506V|FBMKLCI-H6V|0.255|0.000|0.000|0.000|0.00|0
06506W|FBMKLCI-H6W|0.155|0.000|0.000|0.000|0.00|0
06506X|FBMKLCI-H6X|0.115|0.105|0.105|-0.010|-8.70|720
06506Y|FBMKLCI-H6Y|0.150|0.000|0.000|0.000|0.00|0
2755|FCW|0.950|0.715|0.715|-0.235|-24.74|9
5222|FGV|1.110|1.120|1.120|+0.010|+0.90|127,306
522255|FGV-C55|0.010|0.010|0.005|-0.005|-50.00|2,510
522256|FGV-C56|0.005|0.000|0.000|0.000|0.00|0
522257|FGV-C57|0.005|0.000|0.000|0.000|0.00|0
522258|FGV-C58|0.010|0.000|0.000|0.000|0.00|0
522259|FGV-C59|0.035|0.000|0.000|0.000|0.00|0
522260|FGV-C60|0.005|0.000|0.000|0.000|0.00|0
522261|FGV-C61|0.020|0.020|0.020|0.000|0.00|5,750
522262|FGV-C62|0.075|0.080|0.080|+0.005|+6.67|45,196
522263|FGV-C63|0.155|0.150|0.150|-0.005|-3.23|12,852
522264|FGV-C64|0.240|0.000|0.000|0.000|0.00|0
522265|FGV-C65|0.165|0.160|0.165|0.000|0.00|2,000
522266|FGV-C66|0.310|0.000|0.000|0.000|0.00|0
522267|FGV-C67|0.375|0.380|0.360|-0.015|-4.00|3,386
522268|FGV-C68|0.200|0.145|0.150|-0.050|-25.00|9,208
522269|FGV-C69|0.105|0.000|0.000|0.000|0.00|0
522270|FGV-C70|0.095|0.000|0.000|0.000|0.00|0
522271|FGV-C71|0.045|0.040|0.040|-0.005|-11.11|250
522272|FGV-C72|0.035|0.035|0.035|0.000|0.00|3,200
522273|FGV-C73|0.075|0.075|0.075|0.000|0.00|116,691
6939|FIAMMA|0.485|0.480|0.475|-0.010|-2.06|169
0149|FIBON|0.430|0.000|0.000|0.000|0.00|0
8605|FIHB|0.450|0.455|0.480|+0.030|+6.67|9,647
8605PA|FIHB-PA|0.080|0.085|0.085|+0.005|+6.25|4,120
8605PB|FIHB-PB|0.080|0.000|0.000|0.000|0.00|0
3107|FIMACOR|1.920|1.930|1.930|+0.010|+0.52|60
0150|FINTEC|0.050|0.050|0.055|+0.005|+10.00|9,886
0150PA|FINTEC-PA|0.030|0.025|0.025|-0.005|-16.67|700
0150WA|FINTEC-WA|0.010|0.010|0.010|0.000|0.00|500
0150WB|FINTEC-WB|0.015|0.000|0.000|0.000|0.00|0
9318|FITTERS|0.510|0.515|0.505|-0.005|-0.98|56,602
9318WB|FITTERS-WB|0.025|0.025|0.020|-0.005|-20.00|768
5197|FLBHD|1.660|1.670|1.680|+0.020|+1.20|3,202
0116|FOCUS|0.135|0.140|0.140|+0.005|+3.70|65,105
0116WC|FOCUS-WC|0.080|0.000|0.000|0.000|0.00|0
0157|FOCUSP|0.390|0.390|0.380|-0.010|-2.56|15,951
5277|FPGROUP|0.325|0.325|0.310|-0.015|-4.62|25,859
9172|FPI|1.850|1.850|1.840|-0.010|-0.54|796
7210|FREIGHT|0.600|0.610|0.610|+0.010|+1.67|4,740
0128|FRONTKN|0.960|0.965|0.970|+0.010|+1.04|118,321
9377|FSBM|0.095|0.000|0.000|0.000|0.00|0
9377WA|FSBM-WA|0.025|0.000|0.000|0.000|0.00|0
7184|G3|0.790|0.000|0.000|0.000|0.00|0
7184WA|G3-WA|0.700|0.000|0.000|0.000|0.00|0
9261|GADANG|0.680|0.690|0.675|-0.005|-0.74|48,621
9261WB|GADANG-WB|0.195|0.210|0.200|+0.005|+2.56|14,821
5398|GAMUDA|2.920|2.900|2.930|+0.010|+0.34|57,614
539851|GAMUDA-C51|0.005|0.005|0.005|0.000|0.00|500
539853|GAMUDA-C53|0.005|0.000|0.000|0.000|0.00|0
539856|GAMUDA-C56|0.030|0.000|0.000|0.000|0.00|0
539857|GAMUDA-C57|0.045|0.000|0.000|0.000|0.00|0
539858|GAMUDA-C58|0.075|0.070|0.070|-0.005|-6.67|100
539859|GAMUDA-C59|0.185|0.185|0.185|0.000|0.00|100
539860|GAMUDA-C60|0.105|0.000|0.000|0.000|0.00|0
539861|GAMUDA-C61|0.080|0.080|0.080|0.000|0.00|7,600
539862|GAMUDA-C62|0.105|0.105|0.105|0.000|0.00|400
539863|GAMUDA-C63|0.105|0.105|0.105|0.000|0.00|4,272
5398WE|GAMUDA-WE|0.225|0.220|0.225|0.000|0.00|1,396
5209|GASMSIA|2.870|2.860|2.900|+0.030|+1.05|849
5226|GBGAQRS|1.230|1.230|1.240|+0.010|+0.81|31,656
5226WB|GBGAQRS-WB|0.305|0.300|0.305|0.000|0.00|31,504
5102|GCB|3.730|3.730|3.710|-0.020|-0.54|2,040
5102CA|GCB-CA|0.280|0.280|0.280|0.000|0.00|490
5102CB|GCB-CB|0.190|0.190|0.190|0.000|0.00|1,456
5102CC|GCB-CC|0.145|0.000|0.000|0.000|0.00|0
5592|GCE|0.470|0.470|0.470|0.000|0.00|79
0198|GDB|0.290|0.290|0.285|-0.005|-1.72|4,002
0078|GDEX|0.340|0.345|0.335|-0.005|-1.47|33,605
0078WB|GDEX-WB|0.060|0.060|0.060|0.000|0.00|17,720
0580C1|GEELY-C1|0.050|0.000|0.000|0.000|0.00|0
0104|GENETEC|1.730|1.740|1.700|-0.030|-1.73|657
4715|GENM|3.410|3.410|3.420|+0.010|+0.29|126,837
471538|GENM-C38|0.005|0.000|0.000|0.000|0.00|0
471540|GENM-C40|0.150|0.000|0.000|0.000|0.00|0
471541|GENM-C41|0.005|0.000|0.000|0.000|0.00|0
471542|GENM-C42|0.035|0.040|0.040|+0.005|+14.29|1,280
471543|GENM-C43|0.040|0.040|0.045|+0.005|+12.50|4,545
471544|GENM-C44|0.075|0.000|0.000|0.000|0.00|0
471545|GENM-C45|0.155|0.155|0.160|+0.005|+3.23|1,600
471546|GENM-C46|0.110|0.110|0.115|+0.005|+4.55|13,524
471547|GENM-C47|0.135|0.140|0.145|+0.010|+7.41|9,000
471548|GENM-C48|0.125|0.000|0.000|0.000|0.00|0
471549|GENM-C49|0.200|0.200|0.210|+0.010|+5.00|8,200
471550|GENM-C50|0.185|0.190|0.190|+0.005|+2.70|306
471551|GENM-C51|0.140|0.130|0.135|-0.005|-3.57|16,000
471552|GENM-C52|0.205|0.220|0.215|+0.010|+4.88|2,000
471553|GENM-C53|0.125|0.125|0.130|+0.005|+4.00|605
471554|GENM-C54|0.095|0.095|0.100|+0.005|+5.26|1,404
2291|GENP|10.600|10.600|10.600|0.000|0.00|1,135
2291WA|GENP-WA|2.600|2.600|2.750|+0.150|+5.77|680
3182|GENTING|6.950|6.950|7.030|+0.080|+1.15|24,626
318251|GENTINGC51|0.005|0.000|0.000|0.000|0.00|0
318255|GENTINGC55|0.050|0.000|0.000|0.000|0.00|0
318256|GENTINGC56|0.030|0.000|0.000|0.000|0.00|0
318257|GENTINGC57|0.085|0.090|0.090|+0.005|+5.88|1,300
318258|GENTINGC58|0.065|0.070|0.070|+0.005|+7.69|2,642
318259|GENTINGC59|0.095|0.100|0.100|+0.005|+5.26|32,020
318260|GENTINGC60|0.120|0.000|0.000|0.000|0.00|0
318261|GENTINGC61|0.110|0.115|0.115|+0.005|+4.55|100
318262|GENTINGC62|0.145|0.150|0.150|+0.005|+3.45|100
318263|GENTINGC63|0.145|0.135|0.135|-0.010|-6.90|43,990
318264|GENTINGC64|0.090|0.000|0.000|0.000|0.00|0
7197|GESHEN|0.630|0.620|0.640|+0.010|+1.59|92
5079|GETS|0.120|0.000|0.000|0.000|0.00|0
0039|GFM|0.530|0.530|0.520|-0.010|-1.89|36,525
0039WC|GFM-WC|0.210|0.215|0.205|-0.005|-2.38|34,143
0021|GHLSYS|1.650|1.630|1.660|+0.010|+0.61|1,447
0021CA|GHLSYS-CA|0.110|0.000|0.000|0.000|0.00|0
3204|GKENT|1.170|1.170|1.140|-0.030|-2.56|57,674
7382|GLBHD|0.390|0.380|0.380|-0.010|-2.56|40
5020|GLOMAC|0.375|0.375|0.365|-0.010|-2.67|4,872
5220|GLOTEC|0.475|0.470|0.465|-0.010|-2.11|5,836
5220WA|GLOTEC-WA|0.070|0.070|0.070|0.000|0.00|912
9962|GMUTUAL|0.275|0.000|0.000|0.000|0.00|0
0045|GNB|0.050|0.050|0.050|0.000|0.00|2,000
1147|GOB|0.190|0.190|0.190|0.000|0.00|350
1147WA|GOB-WA|0.005|0.000|0.000|0.000|0.00|0
0074|GOCEAN|0.115|0.000|0.000|0.000|0.00|0
0074WA|GOCEAN-WA|0.005|0.000|0.000|0.000|0.00|0
0828EA|GOLDETF|1.745|0.000|0.000|0.000|0.00|0
7192|GOODWAY|0.215|0.215|0.210|-0.005|-2.33|2,111
2135|GOPENG|0.700|0.000|0.000|0.000|0.00|0
7096|GPA|0.100|0.100|0.105|+0.005|+5.00|2,001
7096WA|GPA-WA|0.030|0.030|0.030|0.000|0.00|19,975
0082|GPACKET|0.350|0.350|0.350|0.000|0.00|7,790
0082WB|GPACKET-WB|0.090|0.090|0.095|+0.005|+5.56|1,561
5649|GPHAROS|0.225|0.230|0.230|+0.005|+2.22|1,152
0056|GRANFLO|0.210|0.205|0.205|-0.005|-2.38|500
0136|GREENYB|0.130|0.125|0.145|+0.015|+11.54|16,179
7077|GSB|0.195|0.195|0.195|0.000|0.00|8,824
7022|GTRONIC|1.790|1.800|1.790|0.000|0.00|5,889
7022CR|GTRONIC-CR|0.005|0.000|0.000|0.000|0.00|0
7022CS|GTRONIC-CS|0.005|0.000|0.000|0.000|0.00|0
7022CT|GTRONIC-CT|0.005|0.000|0.000|0.000|0.00|0
7022CU|GTRONIC-CU|0.030|0.000|0.000|0.000|0.00|0
7022CV|GTRONIC-CV|0.095|0.000|0.000|0.000|0.00|0
7022CW|GTRONIC-CW|0.045|0.040|0.040|-0.005|-11.11|400
3247|GUH|0.520|0.000|0.000|0.000|0.00|0
7676|GUNUNG|0.290|0.295|0.295|+0.005|+1.72|454
7676WB|GUNUNG-WB|0.050|0.000|0.000|0.000|0.00|0
1503|GUOCO|0.735|0.730|0.740|+0.005|+0.68|65
7668|HAIO|2.700|2.700|2.700|0.000|0.00|897
7668CG|HAIO-CG|0.075|0.000|0.000|0.000|0.00|0
5151|HALEX|0.970|0.990|0.950|-0.020|-2.06|520
7253|HANDAL|0.415|0.415|0.390|-0.025|-6.02|6,808
3034|HAPSENG|9.900|9.950|9.900|0.000|0.00|3,200
3034CX|HAPSENG-CX|0.040|0.030|0.030|-0.010|-25.00|500
2062|HARBOUR|0.745|0.735|0.720|-0.025|-3.36|743
2062WC|HARBOUR-WC|0.070|0.000|0.000|0.000|0.00|0
5008|HARISON|3.810|0.000|0.000|0.000|0.00|0
7501|HARNLEN|0.645|0.645|0.650|+0.005|+0.78|120
5168|HARTA|4.760|4.800|4.830|+0.070|+1.47|51,505
516811|HARTA-C11|0.005|0.000|0.000|0.000|0.00|0
516815|HARTA-C15|0.020|0.000|0.000|0.000|0.00|0
516816|HARTA-C16|0.010|0.000|0.000|0.000|0.00|0
516817|HARTA-C17|0.005|0.000|0.000|0.000|0.00|0
516818|HARTA-C18|0.005|0.000|0.000|0.000|0.00|0
516819|HARTA-C19|0.055|0.000|0.000|0.000|0.00|0
516820|HARTA-C20|0.050|0.000|0.000|0.000|0.00|0
516821|HARTA-C21|0.070|0.070|0.070|0.000|0.00|800
516822|HARTA-C22|0.060|0.060|0.065|+0.005|+8.33|5,168
5187|HBGLOB|0.125|0.115|0.120|-0.005|-4.00|952
7105|HCK|1.250|1.240|1.250|0.000|0.00|237
7105WA|HCK-WA|0.295|0.000|0.000|0.000|0.00|0
3255|HEIM|22.740|22.880|22.840|+0.100|+0.44|50
5121|HEKTAR|1.130|1.130|1.130|0.000|0.00|4,058
4324|HENGYUAN|6.290|6.300|6.260|-0.030|-0.48|3,227
4324C1|HENGYUAN-C1|0.005|0.000|0.000|0.000|0.00|0
4324C2|HENGYUAN-C2|0.010|0.000|0.000|0.000|0.00|0
4324C4|HENGYUAN-C4|0.030|0.000|0.000|0.000|0.00|0
4324C5|HENGYUAN-C5|0.035|0.000|0.000|0.000|0.00|0
4324C6|HENGYUAN-C6|0.065|0.060|0.055|-0.010|-15.38|2
4324C7|HENGYUAN-C7|0.230|0.230|0.220|-0.010|-4.35|1,432
4324C8|HENGYUAN-C8|0.135|0.000|0.000|0.000|0.00|0
4324CZ|HENGYUAN-CZ|0.025|0.020|0.020|-0.005|-20.00|975
5095|HEVEA|0.645|0.645|0.650|+0.005|+0.78|8,994
5095WB|HEVEA-WB|0.450|0.000|0.000|0.000|0.00|0
3298|HEXZA|0.705|0.710|0.710|+0.005|+0.71|125
0175|HHGROUP|0.120|0.125|0.125|+0.005|+4.17|7,900
0160|HHHCORP|0.095|0.000|0.000|0.000|0.00|0
5072|HIAPTEK|0.320|0.320|0.305|-0.015|-4.69|90,839
5072LA|HIAPTEK-LA|0.310|0.320|0.315|+0.005|+1.61|900
5072WB|HIAPTEK-WB|0.095|0.095|0.090|-0.005|-5.26|18,052
5199|HIBISCS|1.050|1.050|1.040|-0.010|-0.95|144,237
5199CK|HIBISCS-CK|0.005|0.000|0.000|0.000|0.00|0
5199CM|HIBISCS-CM|0.085|0.085|0.085|0.000|0.00|6,000
5199CN|HIBISCS-CN|0.070|0.070|0.070|0.000|0.00|2,000
5199CO|HIBISCS-CO|0.075|0.000|0.000|0.000|0.00|0
5199CP|HIBISCS-CP|0.055|0.050|0.050|-0.005|-9.09|400
5199CQ|HIBISCS-CQ|0.125|0.120|0.120|-0.005|-4.00|26,130
5199CR|HIBISCS-CR|0.110|0.110|0.110|0.000|0.00|27,250
5199CS|HIBISCS-CS|0.110|0.000|0.000|0.000|0.00|0
5199CT|HIBISCS-CT|0.145|0.000|0.000|0.000|0.00|0
5199CU|HIBISCS-CU|0.095|0.090|0.090|-0.005|-5.26|2,000
5199CV|HIBISCS-CV|0.085|0.080|0.080|-0.005|-5.88|200
5199CW|HIBISCS-CW|0.095|0.095|0.090|-0.005|-5.26|1,100
5199WC|HIBISCS-WC|0.480|0.475|0.480|0.000|0.00|71,064
7033|HIGHTEC|1.280|0.000|0.000|0.000|0.00|0
8443|HIL|0.555|0.565|0.560|+0.005|+0.90|19,711
8443WB|HIL-WB|0.190|0.200|0.190|0.000|0.00|42
0505CF|HKEX-CF|0.425|0.000|0.000|0.000|0.00|0
5819|HLBANK|21.280|20.800|20.760|-0.520|-2.44|10,013
5819CN|HLBANK-CN|0.035|0.040|0.040|+0.005|+14.29|2,652
5819CO|HLBANK-CO|0.125|0.000|0.000|0.000|0.00|0
5274|HLCAP|9.600|0.000|0.000|0.000|0.00|0
1082|HLFG|19.420|19.460|19.500|+0.080|+0.41|4,064
3301|HLIND|10.100|10.380|10.020|-0.080|-0.79|812
0188|HLT|0.135|0.135|0.135|0.000|0.00|10
0188WA|HLT-WA|0.050|0.045|0.045|-0.005|-10.00|700
5169|HOHUP|0.430|0.420|0.435|+0.005|+1.16|9,900
5165|HOKHENG|0.580|0.560|0.580|0.000|0.00|610
5160|HOMERIZ|0.610|0.615|0.615|+0.005|+0.82|684
5160WA|HOMERIZ-WA|0.070|0.070|0.070|0.000|0.00|870
7010|HOOVER|0.595|0.000|0.000|0.000|0.00|0
06513U|HSI-C3U|0.015|0.010|0.015|0.000|0.00|823
06513V|HSI-C3V|0.105|0.110|0.125|+0.020|+19.05|564,022
06513W|HSI-C3W|0.440|0.465|0.555|+0.115|+26.14|49,389
06513X|HSI-C3X|1.060|1.030|1.130|+0.070|+6.60|970
06513Y|HSI-C3Y|0.090|0.100|0.100|+0.010|+11.11|100
06513Z|HSI-C3Z|0.195|0.210|0.230|+0.035|+17.95|223,744
06515A|HSI-C5A|0.435|0.455|0.490|+0.055|+12.64|385,035
06515B|HSI-C5B|0.780|0.785|0.870|+0.090|+11.54|56,604
06515C|HSI-C5C|0.235|0.240|0.255|+0.020|+8.51|54,702
06515D|HSI-C5D|0.375|0.390|0.430|+0.055|+14.67|187,820
06515E|HSI-C5E|0.695|0.695|0.765|+0.070|+10.07|20,662
06515F|HSI-C5F|1.070|1.060|1.090|+0.020|+1.87|2,500
06515G|HSI-C5G|0.580|0.570|0.630|+0.050|+8.62|6,616
06515H|HSI-C5H|0.890|0.875|0.950|+0.060|+6.74|5,318
06515I|HSI-C5I|1.190|0.000|0.000|0.000|0.00|0
06515J|HSI-C5J|0.720|0.720|0.780|+0.060|+8.33|32,170
06515K|HSI-C5K|1.100|1.080|1.090|-0.010|-0.91|350
06515L|HSI-C5L|1.410|0.000|0.000|0.000|0.00|0
06515M|HSI-C5M|1.970|0.000|0.000|0.000|0.00|0
06514V|HSI-H4V|0.005|0.005|0.005|0.000|0.00|58,443
06514W|HSI-H4W|0.005|0.005|0.005|0.000|0.00|39,307
06514X|HSI-H4X|0.005|0.005|0.005|0.000|0.00|10,670
06514Y|HSI-H4Y|0.025|0.030|0.015|-0.010|-40.00|25,316
06514Z|HSI-H4Z|0.010|0.010|0.010|0.000|0.00|2,551
06516A|HSI-H6A|0.030|0.025|0.020|-0.010|-33.33|6,232
06516B|HSI-H6B|0.040|0.040|0.025|-0.015|-37.50|2,875
06516C|HSI-H6C|0.095|0.085|0.065|-0.030|-31.58|113,558
06516D|HSI-H6D|0.055|0.000|0.000|0.000|0.00|0
06516E|HSI-H6E|0.130|0.120|0.100|-0.030|-23.08|5,686
06516F|HSI-H6F|0.240|0.225|0.195|-0.045|-18.75|315,952
06516G|HSI-H6G|0.440|0.420|0.375|-0.065|-14.77|329,898
06516H|HSI-H6H|0.090|0.070|0.070|-0.020|-22.22|700
06516I|HSI-H6I|0.180|0.130|0.130|-0.050|-27.78|300
06516J|HSI-H6J|0.260|0.245|0.225|-0.035|-13.46|16,949
06516K|HSI-H6K|0.075|0.075|0.075|0.000|0.00|65
06516L|HSI-H6L|0.155|0.000|0.000|0.000|0.00|0
06516M|HSI-H6M|0.175|0.165|0.100|-0.075|-42.86|30,775
06516N|HSI-H6N|0.285|0.275|0.245|-0.040|-14.04|5,901
6238|HSL|1.480|1.480|1.470|-0.010|-0.68|283
5138|HSPLANT|1.930|1.820|1.820|-0.110|-5.70|350
0185|HSSEB|1.140|1.140|1.110|-0.030|-2.63|21,968
0185WA|HSSEB-WA|0.230|0.220|0.220|-0.010|-4.35|19
5028|HTPADU|0.760|0.760|0.745|-0.015|-1.97|5,110
2739|HUAAN|0.270|0.265|0.260|-0.010|-3.70|307,632
5062|HUAYANG|0.420|0.420|0.405|-0.015|-3.57|4,343
7013|HUBLINE|0.055|0.060|0.055|0.000|0.00|25,441
7013WA|HUBLINE-WA|0.005|0.000|0.000|0.000|0.00|0
7013WB|HUBLINE-WB|0.010|0.000|0.000|0.000|0.00|0
7013WC|HUBLINE-WC|0.020|0.015|0.020|0.000|0.00|90
5000|HUMEIND|0.740|0.745|0.725|-0.015|-2.03|2,165
5024|HUPSENG|1.010|1.010|1.010|0.000|0.00|1,785
8478|HWATAI|0.305|0.305|0.300|-0.005|-1.64|102
9601|HWGB|0.110|0.100|0.100|-0.010|-9.09|250
9601WD|HWGB-WD|0.030|0.000|0.000|0.000|0.00|0
4251|IBHD|0.430|0.430|0.440|+0.010|+2.33|3,153
4251LB|IBHD-LB|0.310|0.315|0.315|+0.005|+1.61|2,843
4251WA|IBHD-WA|0.010|0.000|0.000|0.000|0.00|0
5084|IBRACO|0.700|0.000|0.000|0.000|0.00|0
5108|ICAP|2.410|2.400|2.400|-0.010|-0.41|510
0502CF|ICBC-CF|0.100|0.000|0.000|0.000|0.00|0
5255|ICON|0.105|0.105|0.100|-0.005|-4.76|37,036
9687|IDEAL|1.100|1.110|1.070|-0.030|-2.73|3,720
9687WB|IDEAL-WB|0.365|0.365|0.350|-0.015|-4.11|1,341
0174|IDMENSN|0.025|0.000|0.000|0.000|0.00|0
0174WA|IDMENSN-WA|0.005|0.005|0.005|0.000|0.00|5,500
0023|IFCAMSC|0.455|0.460|0.455|0.000|0.00|101,148
5606|IGBB|2.520|2.500|2.520|0.000|0.00|908
5606PA|IGBB-PA|1.120|0.000|0.000|0.000|0.00|0
5606PB|IGBB-PB|3.200|0.000|0.000|0.000|0.00|0
5227|IGBREIT|1.830|1.810|1.830|0.000|0.00|21,667
5225|IHH|5.780|5.820|5.850|+0.070|+1.21|33,041
522510|IHH-C10|0.130|0.125|0.130|0.000|0.00|1,550
5225C7|IHH-C7|0.050|0.000|0.000|0.000|0.00|0
5225C8|IHH-C8|0.120|0.120|0.115|-0.005|-4.17|2,064
5225C9|IHH-C9|0.095|0.000|0.000|0.000|0.00|0
0401GA|IHS046000824|96.000|0.000|0.000|0.000|0.00|0
3336|IJM|1.990|2.000|2.020|+0.030|+1.51|49,209
333620|IJM-C20|0.070|0.000|0.000|0.000|0.00|0
333621|IJM-C21|0.075|0.075|0.075|0.000|0.00|4
333622|IJM-C22|0.005|0.000|0.000|0.000|0.00|0
333624|IJM-C24|0.140|0.000|0.000|0.000|0.00|0
333625|IJM-C25|0.165|0.160|0.160|-0.005|-3.03|400
2216|IJMPLNT|1.660|1.620|1.660|0.000|0.00|361
5268|IKHMAS|0.160|0.160|0.155|-0.005|-3.13|14,351
5614|ILB|0.440|0.440|0.440|0.000|0.00|11
7222|IMASPRO|2.180|2.200|2.200|+0.020|+0.92|20,298
0166|INARI|1.510|1.510|1.570|+0.060|+3.97|137,590
016621|INARI-C21|0.005|0.000|0.000|0.000|0.00|0
016622|INARI-C22|0.005|0.000|0.000|0.000|0.00|0
016623|INARI-C23|0.005|0.000|0.000|0.000|0.00|0
016624|INARI-C24|0.005|0.000|0.000|0.000|0.00|0
016625|INARI-C25|0.005|0.000|0.000|0.000|0.00|0
016626|INARI-C26|0.035|0.040|0.040|+0.005|+14.29|902
016627|INARI-C27|0.030|0.035|0.035|+0.005|+16.67|6,500
016628|INARI-C28|0.030|0.030|0.035|+0.005|+16.67|20,598
016629|INARI-C29|0.060|0.070|0.070|+0.010|+16.67|2,410
016630|INARI-C30|0.050|0.060|0.060|+0.010|+20.00|200
016631|INARI-C31|0.115|0.115|0.125|+0.010|+8.70|51,786
016632|INARI-C32|0.120|0.120|0.130|+0.010|+8.33|31,700
016633|INARI-C33|0.250|0.000|0.000|0.000|0.00|0
016634|INARI-C34|0.075|0.075|0.080|+0.005|+6.67|9,376
016635|INARI-C35|0.060|0.065|0.070|+0.010|+16.67|5,000
016636|INARI-C36|0.070|0.080|0.080|+0.010|+14.29|200
016637|INARI-C37|0.100|0.110|0.110|+0.010|+10.00|4
0166WB|INARI-WB|0.990|1.010|1.030|+0.040|+4.04|2,378
2607|INCKEN|0.635|0.630|0.640|+0.005|+0.79|400
0094|INIX|0.055|0.060|0.055|0.000|0.00|13,867
0094WA|INIX-WA|0.020|0.020|0.020|0.000|0.00|128
0147|INNITY|0.575|0.000|0.000|0.000|0.00|0
6262|INNO|0.730|0.730|0.760|+0.030|+4.11|482
3379|INSAS|0.775|0.775|0.775|0.000|0.00|2,011
3379PA|INSAS-PA|0.980|0.985|0.980|0.000|0.00|90
3379WB|INSAS-WB|0.075|0.080|0.090|+0.015|+20.00|4,380
0192|INTA|0.275|0.275|0.270|-0.005|-1.82|4,350
1961|IOICORP|4.540|4.500|4.590|+0.050|+1.10|7,971
196119|IOICORP-C19|0.045|0.055|0.060|+0.015|+33.33|5
5249|IOIPG|1.450|1.440|1.440|-0.010|-0.69|11,134
5249CV|IOIPG-CV|0.165|0.150|0.150|-0.015|-9.09|476
5673|IPMUDA|0.530|0.480|0.530|0.000|0.00|305
5107|IQGROUP|1.210|1.180|1.180|-0.030|-2.48|28
8834|IREKA|0.560|0.000|0.000|0.000|0.00|0
8834WB|IREKA-WB|0.005|0.000|0.000|0.000|0.00|0
7183|IRETEX|0.135|0.130|0.130|-0.005|-3.70|220
7183LA|IRETEX-LA|0.015|0.015|0.015|0.000|0.00|500
7183WA|IRETEX-WA|0.005|0.005|0.005|0.000|0.00|1
0010|IRIS|0.140|0.145|0.150|+0.010|+7.14|899,625
9393|ITRONIC|0.100|0.000|0.000|0.000|0.00|0
5175|IVORY|0.210|0.215|0.210|0.000|0.00|985
1589|IWCITY|0.770|0.780|0.755|-0.015|-1.95|138,875
7223|JADI|0.035|0.040|0.035|0.000|0.00|2,380
0024|JAG|0.055|0.055|0.055|0.000|0.00|11,140
0024WA|JAG-WA|0.005|0.000|0.000|0.000|0.00|0
0024WB|JAG-WB|0.010|0.000|0.000|0.000|0.00|0
4723|JAKS|0.775|0.775|0.760|-0.015|-1.94|63,825
4723WB|JAKS-WB|0.500|0.490|0.500|0.000|0.00|738
8648|JASKITA|0.115|0.115|0.115|0.000|0.00|250
7152|JAYCORP|0.870|0.880|0.905|+0.035|+4.02|3,914
0058|JCBNEXT|1.490|1.490|1.490|0.000|0.00|147
5161|JCY|0.225|0.220|0.220|-0.005|-2.22|75,893
8931|JERASIA|0.380|0.380|0.390|+0.010|+2.63|682
9083|JETSON|0.180|0.185|0.185|+0.005|+2.78|30
0146|JFTECH|0.755|0.760|0.755|0.000|0.00|469
0127|JHM|1.110|1.130|1.200|+0.090|+8.11|56,320
8923|JIANKUN|0.325|0.000|0.000|0.000|0.00|0
8923WA|JIANKUN-WA|0.075|0.000|0.000|0.000|0.00|0
6769|JKGLAND|0.075|0.075|0.075|0.000|0.00|5,000
03003|JMEDU|0.535|0.000|0.000|0.000|0.00|0
7043|JMR|0.950|0.000|0.000|0.000|0.00|0
3441|JOHAN|0.085|0.090|0.085|0.000|0.00|4,661
7167|JOHOTIN|1.500|1.520|1.450|-0.050|-3.33|14,911
4383|JTIASA|0.565|0.565|0.555|-0.010|-1.77|5,114
0111|K1|0.240|0.240|0.245|+0.005|+2.08|100,364
0111WC|K1-WC|0.105|0.105|0.110|+0.005|+4.76|31,947
0193|KAB|0.210|0.210|0.215|+0.005|+2.38|880
8672|KAMDAR|0.290|0.000|0.000|0.000|0.00|0
0170|KANGER|0.045|0.045|0.040|-0.005|-11.11|9,872
0170WA|KANGER-WA|0.020|0.000|0.000|0.000|0.00|0
5247|KAREX|0.460|0.460|0.455|-0.005|-1.09|53,360
0054|KARYON|0.145|0.145|0.140|-0.005|-3.45|10,493
7216|KAWAN|1.760|1.760|1.750|-0.010|-0.57|170
3115|KBUNAI|0.085|0.085|0.085|0.000|0.00|232
3115WC|KBUNAI-WC|0.020|0.020|0.020|0.000|0.00|450
7199|KEINHIN|0.625|0.000|0.000|0.000|0.00|0
7323|KEN|0.680|0.000|0.000|0.000|0.00|0
6483|KENANGA|0.525|0.530|0.520|-0.005|-0.95|2,414
7161|KERJAYA|1.250|1.260|1.250|0.000|0.00|424
7161CJ|KERJAYA-CJ|0.020|0.000|0.000|0.000|0.00|0
7161WB|KERJAYA-WB|0.200|0.195|0.195|-0.005|-2.50|350
9334|KESM|8.540|8.540|8.680|+0.140|+1.64|234
0143|KEYASIC|0.115|0.115|0.115|0.000|0.00|35,275
6491|KFIMA|1.650|1.650|1.660|+0.010|+0.61|2,377
8303|KFM|0.170|0.170|0.200|+0.030|+17.65|979
0151|KGB|1.250|1.260|1.290|+0.040|+3.20|36,280
0151WA|KGB-WA|0.730|0.730|0.775|+0.045|+6.16|12,427
0036|KGROUP|0.050|0.050|0.050|0.000|0.00|31,098
0036WB|KGROUP-WB|0.010|0.005|0.005|-0.005|-50.00|323
6203|KHEESAN|0.650|0.660|0.660|+0.010|+1.54|182
7062|KHIND|1.730|0.000|0.000|0.000|0.00|0
6211|KIALIM|0.225|0.000|0.000|0.000|0.00|0
3522|KIANJOO|3.090|3.080|3.090|0.000|0.00|20,045
5371|KIMHIN|1.190|1.170|1.200|+0.010|+0.84|140
5171|KIMLUN|1.240|1.240|1.230|-0.010|-0.81|208
5171WA|KIMLUN-WA|0.330|0.000|0.000|0.000|0.00|0
5060|KINSTEL|0.005|0.000|0.000|0.000|0.00|0
5280|KIPREIT|0.860|0.860|0.855|-0.005|-0.58|4,859
9466|KKB|1.310|1.310|1.240|-0.070|-5.34|5,543
5235SS|KLCC|7.780|7.800|7.840|+0.060|+0.77|956
2445|KLK|25.000|24.900|25.020|+0.020|+0.08|1,752
2445C2|KLK-C2|0.140|0.000|0.000|0.000|0.00|0
2453|KLUANG|3.520|3.500|3.470|-0.050|-1.42|313
5027|KMLOONG|1.280|1.270|1.270|-0.010|-0.78|3,021
5027WB|KMLOONG-WB|0.250|0.245|0.245|-0.005|-2.00|3
7164|KNM|0.125|0.130|0.130|+0.005|+4.00|406,853
7164WB|KNM-WB|0.020|0.020|0.020|0.000|0.00|38,162
5035|KNUSFOR|0.470|0.430|0.430|-0.040|-8.51|70
6971|KOBAY|1.390|1.370|1.390|0.000|0.00|73
7017|KOMARK|0.225|0.230|0.240|+0.015|+6.67|26,502
7017WB|KOMARK-WB|0.030|0.030|0.040|+0.010|+33.33|32,245
7153|KOSSAN|3.690|3.710|3.640|-0.050|-1.36|8,568
7153CY|KOSSAN-CY|0.005|0.000|0.000|0.000|0.00|0
7153CZ|KOSSAN-CZ|0.150|0.000|0.000|0.000|0.00|0
0002|KOTRA|1.730|1.730|1.700|-0.030|-1.73|125
5878|KPJ|1.040|1.040|1.030|-0.010|-0.96|85,989
5878CR|KPJ-CR|0.020|0.000|0.000|0.000|0.00|0
5878CS|KPJ-CS|0.030|0.035|0.030|0.000|0.00|3,050
7130|KPOWER|0.340|0.335|0.335|-0.005|-1.47|1,760
5843|KPS|1.430|1.430|1.430|0.000|0.00|2,203
9121|KPSCB|0.485|0.485|0.520|+0.035|+7.22|4,850
1996|KRETAM|0.400|0.400|0.395|-0.005|-1.25|800
0176|KRONO|0.605|0.605|0.605|0.000|0.00|52,275
3476|KSENG|4.750|4.770|4.770|+0.020|+0.42|712
5038|KSL|0.915|0.920|0.915|0.000|0.00|2,301
5192|KSSC|0.480|0.480|0.470|-0.010|-2.08|10,733
5172|KSTAR|0.095|0.000|0.000|0.000|0.00|0
5172WA|KSTAR-WA|0.005|0.005|0.010|+0.005|+100.00|1,062
4847|KTB|0.070|0.070|0.075|+0.005|+7.14|1,263
0180|KTC|0.180|0.180|0.185|+0.005|+2.78|11,145
6874|KUB|0.415|0.415|0.405|-0.010|-2.41|28,150
2186|KUCHAI|1.600|1.590|1.590|-0.010|-0.63|110
6572|KWANTAS|0.820|0.800|0.800|-0.020|-2.44|300
8362|KYM|0.320|0.300|0.335|+0.015|+4.69|71
3174|L&G|0.155|0.155|0.165|+0.010|+6.45|209,356
3794|LAFMSIA|2.190|2.230|2.180|-0.010|-0.46|9,011
0018|LAMBO|0.150|0.150|0.155|+0.005|+3.33|64,550
1643|LANDMRK|0.460|0.465|0.470|+0.010|+2.17|2,578
7006|LATITUD|4.050|4.040|4.040|-0.010|-0.25|1
9385|LAYHONG|0.460|0.465|0.460|0.000|0.00|37,768
9385WA|LAYHONG-WA|0.205|0.210|0.200|-0.005|-2.44|18,937
9326|LBALUM|0.500|0.500|0.535|+0.035|+7.00|3,802
8494|LBICAP|0.860|0.870|0.880|+0.020|+2.33|247
5789|LBS|0.655|0.655|0.650|-0.005|-0.76|6,325
5789PA|LBS-PA|0.840|0.000|0.000|0.000|0.00|0
5789WB|LBS-WB|0.250|0.000|0.000|0.000|0.00|0
5284|LCTITAN|4.290|4.290|4.250|-0.040|-0.93|5,315
9628|LEBTECH|0.855|0.000|0.000|0.000|0.00|0
8079|LEESK|0.935|0.940|0.935|0.000|0.00|1,240
5232|LEONFB|0.510|0.505|0.505|-0.005|-0.98|110
8745|LEWEKO|0.140|0.000|0.000|0.000|0.00|0
8745WB|LEWEKO-WB|0.055|0.000|0.000|0.000|0.00|0
7170|LFECORP|0.110|0.000|0.000|0.000|0.00|0
3573|LIENHOE|0.280|0.000|0.000|0.000|0.00|0
7089|LIIHEN|2.720|2.720|2.740|+0.020|+0.74|606
8486|LIONFIB|0.480|0.445|0.440|-0.040|-8.33|50
4235|LIONIND|0.545|0.550|0.545|0.000|0.00|64,003
6645|LITRAK|4.400|4.400|4.500|+0.100|+2.27|9,999
0182|LKL|0.125|0.125|0.120|-0.005|-4.00|9,661
7126|LONBISC|0.415|0.415|0.405|-0.010|-2.41|76,044
7126WA|LONBISC-WA|0.040|0.000|0.000|0.000|0.00|0
8621|LPI|16.080|16.100|16.100|+0.020|+0.12|146
9881|LSTEEL|0.290|0.290|0.285|-0.005|-1.72|450
7085|LTKM|1.270|1.280|1.270|0.000|0.00|62
5068|LUSTER|0.080|0.080|0.080|0.000|0.00|4,700
5068WA|LUSTER-WA|0.030|0.000|0.000|0.000|0.00|0
5068WB|LUSTER-WB|0.035|0.030|0.035|0.000|0.00|1,515
5143|LUXCHEM|0.540|0.535|0.540|0.000|0.00|700
0075|LYC|0.335|0.320|0.320|-0.015|-4.48|2,555
9199|LYSAGHT|2.600|2.620|2.620|+0.020|+0.77|11
5078|M&G|0.100|0.100|0.105|+0.005|+5.00|20,067
0017|M3TECH|0.050|0.045|0.050|0.000|0.00|45,125
0017WA|M3TECH-WA|0.005|0.000|0.000|0.000|0.00|0
1198|MAA|1.020|1.020|1.030|+0.010|+0.98|3,805
7617|MAGNA|0.930|0.000|0.000|0.000|0.00|0
7617WB|MAGNA-WB|0.190|0.000|0.000|0.000|0.00|0
7087|MAGNI|4.600|4.600|4.660|+0.060|+1.30|1,246
3859|MAGNUM|2.390|2.410|2.410|+0.020|+0.84|4,108
8583|MAHSING|0.925|0.925|0.930|+0.005|+0.54|8,195
858317|MAHSING-C17|0.040|0.000|0.000|0.000|0.00|0
858318|MAHSING-C18|0.030|0.000|0.000|0.000|0.00|0
858319|MAHSING-C19|0.030|0.000|0.000|0.000|0.00|0
8583WC|MAHSING-WC|0.015|0.000|0.000|0.000|0.00|0
5264|MALAKOF|0.900|0.900|0.955|+0.055|+6.11|120,691
526412|MALAKOFC12|0.005|0.000|0.000|0.000|0.00|0
526413|MALAKOFC13|0.005|0.000|0.000|0.000|0.00|0
526414|MALAKOFC14|0.005|0.000|0.000|0.000|0.00|0
526415|MALAKOFC15|0.025|0.050|0.050|+0.025|+100.00|1,111
526416|MALAKOFC16|0.005|0.010|0.010|+0.005|+100.00|400
526417|MALAKOFC17|0.090|0.000|0.000|0.000|0.00|0
526418|MALAKOFC18|0.045|0.045|0.075|+0.030|+66.67|71,364
526419|MALAKOFC19|0.115|0.120|0.135|+0.020|+17.39|36,900
526420|MALAKOFC20|0.085|0.090|0.100|+0.015|+17.65|4,600
526421|MALAKOFC21|0.065|0.075|0.090|+0.025|+38.46|1,584
4936|MALPAC|0.850|0.000|0.000|0.000|0.00|0
6181|MALTON|0.535|0.540|0.525|-0.010|-1.87|15,064
1058|MANULFE|2.550|0.000|0.000|0.000|0.00|0
3514|MARCO|0.125|0.125|0.125|0.000|0.00|1,010
5098|MASTEEL|0.485|0.490|0.475|-0.010|-2.06|32,532
7029|MASTER|0.840|0.865|0.825|-0.015|-1.79|39,548
0189|MATANG|0.070|0.075|0.070|0.000|0.00|5,560
5236|MATRIX|1.960|1.970|1.990|+0.030|+1.53|3,274
5236WA|MATRIX-WA|0.130|0.130|0.145|+0.015|+11.54|3,263
6012|MAXIS|5.240|5.270|5.470|+0.230|+4.39|13,466
601210|MAXIS-C10|0.055|0.060|0.070|+0.015|+27.27|2,513
6012C8|MAXIS-C8|0.065|0.000|0.000|0.000|0.00|0
6012C9|MAXIS-C9|0.045|0.045|0.050|+0.005|+11.11|2,112
5189|MAXWELL|0.010|0.000|0.000|0.000|0.00|0
5189WA|MAXWELL-WA|0.005|0.000|0.000|0.000|0.00|0
1155|MAYBANK|9.470|9.500|9.490|+0.020|+0.21|42,010
115543|MAYBANKC43|0.080|0.000|0.000|0.000|0.00|0
115544|MAYBANKC44|0.005|0.000|0.000|0.000|0.00|0
115546|MAYBANKC46|0.010|0.005|0.005|-0.005|-50.00|2,209
115547|MAYBANKC47|0.035|0.000|0.000|0.000|0.00|0
115548|MAYBANKC48|0.030|0.000|0.000|0.000|0.00|0
115549|MAYBANKC49|0.105|0.105|0.105|0.000|0.00|14,356
115550|MAYBANKC50|0.105|0.000|0.000|0.000|0.00|0
115551|MAYBANKC51|0.100|0.000|0.000|0.000|0.00|0
115552|MAYBANKC52|0.045|0.050|0.045|0.000|0.00|8,550
115553|MAYBANKC53|0.150|0.000|0.000|0.000|0.00|0
5077|MAYBULK|0.585|0.585|0.580|-0.005|-0.85|3,272
5886|MBG|0.800|0.000|0.000|0.000|0.00|0
5152|MBL|1.170|1.180|1.200|+0.030|+2.56|2,524
5152WA|MBL-WA|0.380|0.380|0.400|+0.020|+5.26|1,520
5983|MBMR|2.850|2.870|2.850|0.000|0.00|5,006
1171|MBSB|0.985|0.985|0.970|-0.015|-1.52|32,092
117115|MBSB-C15|0.010|0.000|0.000|0.000|0.00|0
117116|MBSB-C16|0.060|0.000|0.000|0.000|0.00|0
117117|MBSB-C17|0.035|0.040|0.040|+0.005|+14.29|5,000
117118|MBSB-C18|0.055|0.000|0.000|0.000|0.00|0
117119|MBSB-C19|0.045|0.000|0.000|0.000|0.00|0
117120|MBSB-C20|0.025|0.000|0.000|0.000|0.00|0
117121|MBSB-C21|0.150|0.000|0.000|0.000|0.00|0
7189|MBWORLD|1.630|0.000|0.000|0.000|0.00|0
7004|MCEHLDG|0.620|0.000|0.000|0.000|0.00|0
0167|MCLEAN|0.090|0.000|0.000|0.000|0.00|0
0167WB|MCLEAN-WB|0.015|0.025|0.025|+0.010|+66.67|400
5182|MCT|0.660|0.635|0.615|-0.045|-6.82|530
4502|MEDIA|0.575|0.575|0.555|-0.020|-3.48|30,322
5090|MEDIAC|0.235|0.235|0.230|-0.005|-2.13|5,908
0081|MEGASUN|0.140|0.000|0.000|0.000|0.00|0
0081WA|MEGASUN-WA|0.020|0.020|0.020|0.000|0.00|50
5129|MELATI|0.460|0.475|0.460|0.000|0.00|582
3778|MELEWAR|0.155|0.160|0.155|0.000|0.00|8,094
3778WB|MELEWAR-WB|0.055|0.000|0.000|0.000|0.00|0
1694|MENANG|0.390|0.395|0.395|+0.005|+1.28|1,287
1694WB|MENANG-WB|0.005|0.005|0.005|0.000|0.00|753
0577C2|MENGNIU-C2|0.180|0.000|0.000|0.000|0.00|0
5223|MENTIGA|0.570|0.600|0.620|+0.050|+8.77|162
8192|MERCURY|0.805|0.850|0.850|+0.045|+5.59|70
5006|MERGE|1.430|1.440|1.430|0.000|0.00|1,700
5040|MERIDIAN|0.300|0.295|0.295|-0.005|-1.67|9,900
5040WA|MERIDIAN-WA|0.095|0.000|0.000|0.000|0.00|0
5040WB|MERIDIAN-WB|0.025|0.025|0.025|0.000|0.00|500
5040WC|MERIDIAN-WC|0.025|0.000|0.000|0.000|0.00|0
7234|MESB|0.305|0.325|0.325|+0.020|+6.56|10
7234WA|MESB-WA|0.105|0.105|0.105|0.000|0.00|100
0826EA|METFAPA|1.040|0.000|0.000|0.000|0.00|0
0825EA|METFSID|0.806|0.000|0.000|0.000|0.00|0
0827EA|METFUS50|1.065|1.055|1.060|-0.005|-0.47|111
6149|METROD|1.700|0.000|0.000|0.000|0.00|0
3069|MFCB|3.900|3.910|3.890|-0.010|-0.26|831
3069WA|MFCB-WA|1.720|1.800|1.710|-0.010|-0.58|882
03015|MFGROUP|0.220|0.000|0.000|0.000|0.00|0
3662|MFLOUR|0.745|0.750|0.760|+0.015|+2.01|133,380
3662LA|MFLOUR-LA|1.450|1.480|1.500|+0.050|+3.45|2,346
3662WC|MFLOUR-WC|0.385|0.390|0.410|+0.025|+6.49|62,093
7595|MGB|0.720|0.725|0.760|+0.040|+5.56|1,053
7595WA|MGB-WA|0.240|0.000|0.000|0.000|0.00|0
0155|MGRC|0.300|0.000|0.000|0.000|0.00|0
5186|MHB|0.840|0.850|0.830|-0.010|-1.19|6,364
518613|MHB-C13|0.020|0.000|0.000|0.000|0.00|0
5026|MHC|0.595|0.000|0.000|0.000|0.00|0
03005|MHCARE|0.520|0.540|0.540|+0.020|+3.85|50
5286|MI|2.190|2.190|2.170|-0.020|-0.91|3,676
5286CA|MI-CA|0.090|0.000|0.000|0.000|0.00|0
5286CB|MI-CB|0.035|0.000|0.000|0.000|0.00|0
5286CC|MI-CC|0.055|0.000|0.000|0.000|0.00|0
5286CD|MI-CD|0.135|0.000|0.000|0.000|0.00|0
5286CE|MI-CE|0.150|0.000|0.000|0.000|0.00|0
5286CF|MI-CF|0.125|0.000|0.000|0.000|0.00|0
0126|MICROLN|0.420|0.400|0.400|-0.020|-4.76|3,000
5001|MIECO|0.290|0.300|0.300|+0.010|+3.45|29,499
0112|MIKROMB|0.255|0.255|0.255|0.000|0.00|430
7935|MILUX|0.680|0.000|0.000|0.000|0.00|0
5166|MINDA|0.050|0.050|0.055|+0.005|+10.00|2,450
7219|MINETEC|0.055|0.000|0.000|0.000|0.00|0
7219WA|MINETEC-WA|0.005|0.000|0.000|0.000|0.00|0
5576|MINHO|0.315|0.320|0.310|-0.005|-1.59|16,192
5576WC|MINHO-WC|0.070|0.070|0.070|0.000|0.00|2,907
3816|MISC|6.800|6.800|6.770|-0.030|-0.44|7,910
381619|MISC-C19|0.165|0.000|0.000|0.000|0.00|0
381620|MISC-C20|0.095|0.090|0.085|-0.010|-10.53|2,400
381621|MISC-C21|0.160|0.000|0.000|0.000|0.00|0
9571|MITRA|0.410|0.410|0.435|+0.025|+6.10|244,429
9571WD|MITRA-WD|0.045|0.045|0.060|+0.015|+33.33|13,579
9571WE|MITRA-WE|0.110|0.105|0.110|0.000|0.00|3,451
8141|MJPERAK|0.200|0.210|0.225|+0.025|+12.50|9,904
6114|MKH|1.290|1.310|1.290|0.000|0.00|1,961
8893|MKLAND|0.190|0.195|0.185|-0.005|-2.63|8,586
0085|MLAB|0.045|0.040|0.045|0.000|0.00|1,041
0085WA|MLAB-WA|0.010|0.000|0.000|0.000|0.00|0
0085WB|MLAB-WB|0.010|0.005|0.005|-0.005|-50.00|1,000
0034|MMAG|0.225|0.220|0.220|-0.005|-2.22|18
0034PA|MMAG-PA|0.090|0.090|0.090|0.000|0.00|325
0034WB|MMAG-WB|0.060|0.060|0.060|0.000|0.00|2,009
2194|MMCCORP|1.070|1.090|1.090|+0.020|+1.87|29,393
0113|MMSV|0.940|0.940|0.940|0.000|0.00|200
0103|MNC|0.045|0.040|0.040|-0.005|-11.11|2,690
0103WA|MNC-WA|0.005|0.000|0.000|0.000|0.00|0
6459|MNRB|1.040|1.030|1.020|-0.020|-1.92|6,361
0156|MPAY|0.125|0.125|0.120|-0.005|-4.00|11,583
6548|MPCORP|0.045|0.000|0.000|0.000|0.00|0
5237|MPHBCAP|1.070|1.060|1.080|+0.010|+0.93|423
3867|MPI|10.400|10.140|10.000|-0.400|-3.85|772
5123|MQREIT|1.080|1.080|1.080|0.000|0.00|1,067
0070|MQTECH|0.030|0.025|0.030|0.000|0.00|370
0070WA|MQTECH-WA|0.010|0.005|0.005|-0.005|-50.00|1,950
1651|MRCB|0.815|0.820|0.820|+0.005|+0.61|162,094
165134|MRCB-C34|0.005|0.000|0.000|0.000|0.00|0
165135|MRCB-C35|0.005|0.000|0.000|0.000|0.00|0
165136|MRCB-C36|0.055|0.055|0.055|0.000|0.00|600
165137|MRCB-C37|0.085|0.085|0.085|0.000|0.00|400
165138|MRCB-C38|0.065|0.065|0.065|0.000|0.00|36,000
165139|MRCB-C39|0.130|0.130|0.130|0.000|0.00|49,160
165140|MRCB-C40|0.180|0.175|0.175|-0.005|-2.78|500
165141|MRCB-C41|0.140|0.145|0.140|0.000|0.00|9,976
165142|MRCB-C42|0.060|0.000|0.000|0.000|0.00|0
165143|MRCB-C43|0.090|0.090|0.090|0.000|0.00|72,947
1651WB|MRCB-WB|0.230|0.235|0.240|+0.010|+4.35|1,813
5916|MSC|0.915|0.910|0.915|0.000|0.00|1,605
5202|MSM|1.890|1.960|1.890|0.000|0.00|2,136
5011|MSNIAGA|1.530|1.600|1.600|+0.070|+4.58|1
5150|MSPORTS|0.010|0.010|0.010|0.000|0.00|13,250
5924|MTDACPI|0.170|0.165|0.185|+0.015|+8.82|5,616
0092|MTOUCHE|0.060|0.060|0.065|+0.005|+8.33|6,536
0092WB|MTOUCHE-WB|0.010|0.000|0.000|0.000|0.00|0
0092WC|MTOUCHE-WC|0.015|0.000|0.000|0.000|0.00|0
0043|MTRONIC|0.070|0.075|0.075|+0.005|+7.14|153,588
3883|MUDA|1.880|1.880|1.920|+0.040|+2.13|8,855
5085|MUDAJYA|0.330|0.330|0.320|-0.010|-3.03|7,074
9539|MUH|0.520|0.000|0.000|0.000|0.00|0
5703|MUHIBAH|2.950|2.980|2.990|+0.040|+1.36|13,654
3891|MUIIND|0.170|0.175|0.175|+0.005|+2.94|98,620
3913|MUIPROP|0.175|0.180|0.180|+0.005|+2.86|15,223
3905|MULPHA|2.430|2.450|2.510|+0.080|+3.29|7,310
5087|MYCRON|0.320|0.315|0.315|-0.005|-1.56|1,385
5087WA|MYCRON-WA|0.080|0.000|0.000|0.000|0.00|0
0138|MYEG|1.290|1.300|1.280|-0.010|-0.78|226,446
013844|MYEG-C44|0.150|0.150|0.140|-0.010|-6.67|5,600
013846|MYEG-C46|0.020|0.010|0.010|-0.010|-50.00|200
013847|MYEG-C47|0.010|0.000|0.000|0.000|0.00|0
013848|MYEG-C48|0.010|0.000|0.000|0.000|0.00|0
013849|MYEG-C49|0.005|0.000|0.000|0.000|0.00|0
013850|MYEG-C50|0.025|0.030|0.030|+0.005|+20.00|1,500
013851|MYEG-C51|0.010|0.000|0.000|0.000|0.00|0
013852|MYEG-C52|0.005|0.000|0.000|0.000|0.00|0
013853|MYEG-C53|0.030|0.000|0.000|0.000|0.00|0
013854|MYEG-C54|0.010|0.000|0.000|0.000|0.00|0
013855|MYEG-C55|0.110|0.115|0.105|-0.005|-4.55|76,607
013856|MYEG-C56|0.360|0.350|0.345|-0.015|-4.17|1,400
013857|MYEG-C57|0.190|0.190|0.180|-0.010|-5.26|10,488
013858|MYEG-C58|0.115|0.115|0.110|-0.005|-4.35|42,700
013859|MYEG-C59|0.180|0.180|0.175|-0.005|-2.78|7,800
013860|MYEG-C60|0.200|0.200|0.190|-0.010|-5.00|4
013861|MYEG-C61|0.125|0.120|0.120|-0.005|-4.00|4,980
013862|MYEG-C62|0.165|0.000|0.000|0.000|0.00|0
013863|MYEG-C63|0.145|0.145|0.140|-0.005|-3.45|20,530
0821EA|MYETFDJ|1.090|0.000|0.000|0.000|0.00|0
0824EA|MYETFID|1.110|0.000|0.000|0.000|0.00|0
03010|MYKRIS|0.300|0.000|0.000|0.000|0.00|0
5275|MYNEWS|1.380|1.360|1.360|-0.020|-1.45|269
0041|MYSCM|0.255|0.255|0.260|+0.005|+1.96|114,958
0108|N2N|0.880|0.880|0.890|+0.010|+1.14|5,445
0108WB|N2N-WB|0.260|0.260|0.260|0.000|0.00|707
0206|NADIBHD|0.265|0.265|0.260|-0.005|-1.89|2,010
5073|NAIM|1.270|1.270|1.230|-0.040|-3.15|69,277
9806|NATWIDE|0.270|0.260|0.260|-0.010|-3.70|2
4707|NESTLE|148.700|148.600|148.500|-0.200|-0.13|262
4707CE|NESTLE-CE|0.050|0.045|0.045|-0.005|-10.00|4
0020|NETX|0.010|0.015|0.010|0.000|0.00|13,099
0020WB|NETX-WB|0.005|0.000|0.000|0.000|0.00|0
0096|NEXGRAM|0.020|0.020|0.020|0.000|0.00|2,900
0096WA|NEXGRAM-WA|0.010|0.000|0.000|0.000|0.00|0
0096WB|NEXGRAM-WB|0.010|0.000|0.000|0.000|0.00|0
0096WC|NEXGRAM-WC|0.010|0.000|0.000|0.000|0.00|0
7241|NGGB|0.485|0.485|0.480|-0.005|-1.03|7,840
7241WA|NGGB-WA|0.185|0.185|0.185|0.000|0.00|14,119
7060|NHFATT|2.700|0.000|0.000|0.000|0.00|0
7139|NICE|0.040|0.000|0.000|0.000|0.00|0
7139WB|NICE-WB|0.015|0.000|0.000|0.000|0.00|0
7215|NIHSIN|0.305|0.300|0.295|-0.010|-3.28|27,872
0083|NOTION|0.590|0.590|0.590|0.000|0.00|19,038
0083WC|NOTION-WC|0.270|0.255|0.255|-0.015|-5.56|94
0201|NOVA|0.485|0.485|0.480|-0.005|-1.03|495
0026|NOVAMSC|0.125|0.125|0.125|0.000|0.00|75,712
5047|NPC|2.000|1.870|1.870|-0.130|-6.50|10
03006|NPS|0.310|0.000|0.000|0.000|0.00|0
2038|NSOP|3.250|0.000|0.000|0.000|0.00|0
5066|NTPM|0.500|0.500|0.500|0.000|0.00|4,130
5025|NWP|0.075|0.075|0.075|0.000|0.00|16,113
4944|NYLEX|0.665|0.655|0.665|0.000|0.00|450
5533|OCB|0.450|0.000|0.000|0.000|0.00|0
0172|OCK|0.610|0.620|0.620|+0.010|+1.64|107,030
0172WA|OCK-WA|0.120|0.120|0.115|-0.005|-4.17|124,471
0049|OCNCASH|0.460|0.460|0.460|0.000|0.00|1,449
7071|OCR|0.260|0.255|0.255|-0.005|-1.92|13,100
7071PA|OCR-PA|0.020|0.025|0.020|0.000|0.00|19,818
7071WC|OCR-WC|0.030|0.000|0.000|0.000|0.00|0
7071WD|OCR-WD|0.070|0.070|0.065|-0.005|-7.14|6,946
7107|OFI|0.815|0.820|0.815|0.000|0.00|3,534
5827|OIB|2.030|0.000|0.000|0.000|0.00|0
7140|OKA|0.685|0.685|0.680|-0.005|-0.73|434
3018|OLYMPIA|0.110|0.115|0.110|0.000|0.00|650
9008|OMESTI|0.395|0.380|0.395|0.000|0.00|860
0035|OPCOM|0.670|0.680|0.670|0.000|0.00|3,184
0040|OPENSYS|0.340|0.340|0.350|+0.010|+2.94|30,078
4006|ORIENT|6.780|6.770|6.750|-0.030|-0.44|447
0079|ORION|0.190|0.200|0.205|+0.015|+7.89|1,072,868
0079WA|ORION-WA|0.090|0.095|0.115|+0.025|+27.78|436,601
5065|ORNA|1.050|1.050|1.050|0.000|0.00|560
5053|OSK|0.965|0.960|0.965|0.000|0.00|1,673
5053WC|OSK-WC|0.040|0.040|0.040|0.000|0.00|7,000
0053|OSKVI|0.470|0.475|0.475|+0.005|+1.06|190
0153|OVERSEA|0.115|0.000|0.000|0.000|0.00|0
5260|OWG|0.640|0.640|0.630|-0.010|-1.56|3,486
5260WA|OWG-WA|0.190|0.185|0.185|-0.005|-2.63|2,457
6009|P&O|1.000|0.995|0.995|-0.005|-0.50|1,672
7225|PA|0.055|0.055|0.055|0.000|0.00|15,644
7225WB|PA-WB|0.040|0.035|0.040|0.000|0.00|4,265
7052|PADINI|3.670|3.670|3.660|-0.010|-0.27|24,379
7052CV|PADINI-CV|0.005|0.000|0.000|0.000|0.00|0
7052CW|PADINI-CW|0.005|0.000|0.000|0.000|0.00|0
7052CX|PADINI-CX|0.105|0.115|0.115|+0.010|+9.52|150
7052CY|PADINI-CY|0.075|0.080|0.080|+0.005|+6.67|500
7052CZ|PADINI-CZ|0.125|0.000|0.000|0.000|0.00|0
3719|PANAMY|38.000|37.900|37.960|-0.040|-0.11|28
8419|PANSAR|0.815|0.815|0.805|-0.010|-1.23|13,496
8419WA|PANSAR-WA|0.315|0.290|0.315|0.000|0.00|35
5125|PANTECH|0.580|0.580|0.570|-0.010|-1.72|4,694
5125WA|PANTECH-WA|0.130|0.125|0.125|-0.005|-3.85|287
5125WB|PANTECH-WB|0.145|0.145|0.140|-0.005|-3.45|372
5022|PAOS|0.340|0.365|0.355|+0.015|+4.41|1,691
5022WA|PAOS-WA|0.060|0.070|0.065|+0.005|+8.33|5,200
9407|PARAGON|0.300|0.275|0.275|-0.025|-8.33|30
1724|PARAMON|2.140|2.130|2.120|-0.020|-0.93|270
5657|PARKSON|0.285|0.285|0.270|-0.015|-5.26|26,216
0022|PARLO|0.095|0.105|0.090|-0.005|-5.26|43,346
6912|PASDEC|0.385|0.395|0.405|+0.020|+5.19|680
6912WA|PASDEC-WA|0.065|0.070|0.070|+0.005|+7.69|2,005
0177|PASUKGB|0.050|0.000|0.000|0.000|0.00|0
5212|PAVREIT|1.730|1.730|1.760|+0.030|+1.73|62,952
5041|PBA|1.150|1.150|1.150|0.000|0.00|152
1295|PBBANK|24.480|24.460|24.480|0.000|0.00|32,640
129526|PBBANK-C26|0.050|0.000|0.000|0.000|0.00|0
129527|PBBANK-C27|0.030|0.000|0.000|0.000|0.00|0
129528|PBBANK-C28|0.105|0.000|0.000|0.000|0.00|0
129529|PBBANK-C29|0.155|0.000|0.000|0.000|0.00|0
129530|PBBANK-C30|0.110|0.115|0.115|+0.005|+4.55|4
129531|PBBANK-C31|0.160|0.155|0.155|-0.005|-3.13|1,000
6068|PCCS|0.405|0.410|0.410|+0.005|+1.23|71,924
6068WA|PCCS-WA|0.115|0.115|0.115|0.000|0.00|17,696
5183|PCHEM|9.250|9.240|9.250|0.000|0.00|56,051
518322|PCHEM-C22|0.030|0.000|0.000|0.000|0.00|0
518323|PCHEM-C23|0.015|0.000|0.000|0.000|0.00|0
518324|PCHEM-C24|0.015|0.000|0.000|0.000|0.00|0
518325|PCHEM-C25|0.065|0.000|0.000|0.000|0.00|0
518326|PCHEM-C26|0.125|0.000|0.000|0.000|0.00|0
518327|PCHEM-C27|0.160|0.155|0.155|-0.005|-3.13|100
518328|PCHEM-C28|0.150|0.000|0.000|0.000|0.00|0
518329|PCHEM-C29|0.155|0.000|0.000|0.000|0.00|0
518330|PCHEM-C30|0.180|0.000|0.000|0.000|0.00|0
518331|PCHEM-C31|0.100|0.000|0.000|0.000|0.00|0
6254|PDZ|0.040|0.040|0.035|-0.005|-12.50|9,850
6254WB|PDZ-WB|0.015|0.000|0.000|0.000|0.00|0
5622|PEB|0.900|0.900|0.900|0.000|0.00|110
5271|PECCA|1.080|1.100|1.060|-0.020|-1.85|6,554
5231|PELIKAN|0.390|0.375|0.365|-0.025|-6.41|970
5133|PENERGY|1.150|1.160|1.100|-0.050|-4.35|8,441
9997|PENSONI|0.405|0.400|0.405|0.000|0.00|5,896
9997WB|PENSONI-WB|0.115|0.000|0.000|0.000|0.00|0
7160|PENTA|3.400|3.410|3.540|+0.140|+4.12|21,158
7108|PERDANA|0.470|0.470|0.445|-0.025|-5.32|369,804
0047|PERISAI|0.005|0.000|0.000|0.000|0.00|0
7080|PERMAJU|0.425|0.425|0.450|+0.025|+5.88|109,379
5436|PERSTIM|4.840|0.000|0.000|0.000|0.00|0
8311|PESONA|0.250|0.255|0.250|0.000|0.00|28,960
8311WC|PESONA-WC|0.055|0.055|0.055|0.000|0.00|3,975
5219|PESTECH|1.130|1.140|1.150|+0.020|+1.77|4,461
5681|PETDAG|24.800|24.840|25.100|+0.300|+1.21|2,071
5681CW|PETDAG-CW|0.005|0.000|0.000|0.000|0.00|0
5681CX|PETDAG-CX|0.065|0.055|0.060|-0.005|-7.69|5,459
6033|PETGAS|17.700|17.720|17.760|+0.060|+0.34|2,031
6033CR|PETGAS-CR|0.010|0.000|0.000|0.000|0.00|0
6033CS|PETGAS-CS|0.020|0.020|0.020|0.000|0.00|8
3042|PETRONM|6.700|6.700|6.700|0.000|0.00|972
3042CS|PETRONM-CS|0.035|0.000|0.000|0.000|0.00|0
3611|PGLOBE|1.100|0.000|0.000|0.000|0.00|0
3611WA|PGLOBE-WA|0.070|0.000|0.000|0.000|0.00|0
7081|PHARMA|2.340|2.350|2.350|+0.010|+0.43|558
4464|PHB|0.020|0.025|0.020|0.000|0.00|5,554
7201|PICORP|0.130|0.130|0.130|0.000|0.00|487
7095|PIE|1.620|1.600|1.600|-0.020|-1.23|1,931
0006|PINEAPP|0.290|0.300|0.300|+0.010|+3.45|135
1902|PINEPAC|0.335|0.000|0.000|0.000|0.00|0
0527C2|PINGAN-C2|0.085|0.000|0.000|0.000|0.00|0
0527C3|PINGAN-C3|0.440|0.435|0.455|+0.015|+3.41|4,873
7163|PJBUMI|0.320|0.000|0.000|0.000|0.00|0
7163WA|PJBUMI-WA|0.050|0.000|0.000|0.000|0.00|0
0171|PLABS|0.285|0.295|0.285|0.000|0.00|216
7055|PLB|1.130|1.170|1.170|+0.040|+3.54|10
5075|PLENITU|1.500|1.500|1.500|0.000|0.00|40
9695|PLS|0.970|0.970|0.960|-0.010|-1.03|6,548
7172|PMBTECH|3.250|3.250|3.390|+0.140|+4.31|737
7172LA|PMBTECH-LA|3.210|3.250|3.220|+0.010|+0.31|25
7172WA|PMBTECH-WA|1.560|1.560|1.580|+0.020|+1.28|30
4081|PMCORP|0.150|0.145|0.145|-0.005|-3.33|50
8869|PMETAL|4.600|4.580|4.660|+0.060|+1.30|24,655
886915|PMETAL-C15|0.065|0.080|0.080|+0.015|+23.08|100
886916|PMETAL-C16|0.005|0.000|0.000|0.000|0.00|0
886917|PMETAL-C17|0.015|0.015|0.015|0.000|0.00|2,000
886918|PMETAL-C18|0.120|0.000|0.000|0.000|0.00|0
886919|PMETAL-C19|0.070|0.000|0.000|0.000|0.00|0
886920|PMETAL-C20|0.030|0.045|0.045|+0.015|+50.00|218
886921|PMETAL-C21|0.040|0.000|0.000|0.000|0.00|0
886922|PMETAL-C22|0.035|0.000|0.000|0.000|0.00|0
886923|PMETAL-C23|0.180|0.000|0.000|0.000|0.00|0
886924|PMETAL-C24|0.085|0.000|0.000|0.000|0.00|0
886925|PMETAL-C25|0.165|0.180|0.185|+0.020|+12.12|16,320
886926|PMETAL-C26|0.140|0.140|0.150|+0.010|+7.14|7,678
886927|PMETAL-C27|0.140|0.150|0.155|+0.015|+10.71|12
8869WC|PMETAL-WC|4.150|4.160|4.210|+0.060|+1.45|1,692
1287|PMHLDG|0.040|0.045|0.040|0.000|0.00|37,569
6637|PNEPCB|0.480|0.480|0.480|0.000|0.00|42
5080|POHKONG|0.500|0.500|0.500|0.000|0.00|500
7088|POHUAT|1.600|1.630|1.600|0.000|0.00|11,683
7088WB|POHUAT-WB|0.590|0.605|0.585|-0.005|-0.85|8,624
8117|POLY|0.445|0.440|0.465|+0.020|+4.49|262
03007|POLYMER|0.170|0.000|0.000|0.000|0.00|0
4634|POS|1.950|1.950|1.940|-0.010|-0.51|3,914
463421|POS-C21|0.005|0.000|0.000|0.000|0.00|0
463422|POS-C22|0.005|0.000|0.000|0.000|0.00|0
463423|POS-C23|0.005|0.000|0.000|0.000|0.00|0
463424|POS-C24|0.005|0.000|0.000|0.000|0.00|0
463425|POS-C25|0.005|0.000|0.000|0.000|0.00|0
463426|POS-C26|0.005|0.000|0.000|0.000|0.00|0
463427|POS-C27|0.010|0.010|0.010|0.000|0.00|500
463428|POS-C28|0.005|0.000|0.000|0.000|0.00|0
463429|POS-C29|0.035|0.035|0.035|0.000|0.00|2,000
463430|POS-C30|0.055|0.000|0.000|0.000|0.00|0
463431|POS-C31|0.090|0.090|0.085|-0.005|-5.56|1,948
463432|POS-C32|0.045|0.000|0.000|0.000|0.00|0
463433|POS-C33|0.140|0.135|0.135|-0.005|-3.57|1,504
463434|POS-C34|0.100|0.100|0.100|0.000|0.00|3,000
4065|PPB|18.240|18.400|18.340|+0.100|+0.55|2,620
4065CJ|PPB-CJ|0.115|0.000|0.000|0.000|0.00|0
7190|PPG|0.410|0.000|0.000|0.000|0.00|0
8273|PPHB|0.605|0.610|0.620|+0.015|+2.48|6,783
5204|PRESBHD|0.575|0.575|0.575|0.000|0.00|114,141
9873|PRESTAR|0.690|0.690|0.695|+0.005|+0.72|7,386
7168|PRG|0.735|0.735|0.735|0.000|0.00|172
7168WA|PRG-WA|0.380|0.000|0.000|0.000|0.00|0
0123|PRIVA|0.070|0.065|0.065|-0.005|-7.14|4,065
8346|PRKCORP|0.420|0.000|0.000|0.000|0.00|0
8966|PRLEXUS|0.605|0.605|0.610|+0.005|+0.83|663
8966WA|PRLEXUS-WA|0.095|0.000|0.000|0.000|0.00|0
5070|PRTASCO|0.275|0.280|0.260|-0.015|-5.45|40,950
5070WA|PRTASCO-WA|0.065|0.065|0.060|-0.005|-7.69|13,570
7145|PSIPTEK|0.130|0.135|0.130|0.000|0.00|3,488
7145WA|PSIPTEK-WA|0.035|0.030|0.035|0.000|0.00|6,325
9598|PTARAS|2.200|2.160|2.150|-0.050|-2.27|625
0038|PTB|0.150|0.000|0.000|0.000|0.00|0
0186|PTRANS|0.235|0.240|0.240|+0.005|+2.13|54,926
0186WA|PTRANS-WA|0.060|0.065|0.065|+0.005|+8.33|61,388
0007|PUC|0.110|0.110|0.105|-0.005|-4.55|912,907
0007WA|PUC-WA|0.080|0.080|0.080|0.000|0.00|5,387
6807|PUNCAK|0.395|0.400|0.395|0.000|0.00|4,143
7134|PWF|0.830|0.830|0.820|-0.010|-1.20|255
7134WA|PWF-WA|0.390|0.000|0.000|0.000|0.00|0
7123|PWORTH|0.055|0.055|0.055|0.000|0.00|464,759
7237|PWROOT|1.350|1.360|1.370|+0.020|+1.48|300
7237WA|PWROOT-WA|0.270|0.265|0.265|-0.005|-1.85|4
0196|QES|0.240|0.240|0.245|+0.005|+2.08|101,749
7084|QL|6.940|6.940|6.900|-0.040|-0.58|2,926
7084CL|QL-CL|0.050|0.000|0.000|0.000|0.00|0
7084CM|QL-CM|0.060|0.060|0.060|0.000|0.00|1,000
7084CN|QL-CN|0.090|0.000|0.000|0.000|0.00|0
7084CO|QL-CO|0.130|0.000|0.000|0.000|0.00|0
7544|QUALITY|0.815|0.000|0.000|0.000|0.00|0
7498|RALCO|0.220|0.000|0.000|0.000|0.00|0
7498WB|RALCO-WB|0.010|0.000|0.000|0.000|0.00|0
5272|RANHILL|1.360|1.350|1.370|+0.010|+0.74|7,504
7765|RAPID|5.520|5.590|5.600|+0.080|+1.45|24,877
9296|RCECAP|1.650|1.650|1.650|0.000|0.00|1,970
5256|REACH|0.335|0.335|0.330|-0.005|-1.49|38,923
5256WA|REACH-WA|0.065|0.065|0.060|-0.005|-7.69|24,237
03002|REDIDEA|0.280|0.000|0.000|0.000|0.00|0
0032|REDTONE|0.290|0.290|0.280|-0.010|-3.45|9,922
0032LA|REDTONE-LA|0.130|0.000|0.000|0.000|0.00|0
7232|RESINTC|0.285|0.295|0.295|+0.010|+3.51|350
0173|REV|0.225|0.220|0.225|0.000|0.00|3,598
0200|REVENUE|1.270|1.270|1.270|0.000|0.00|14,739
0200WA|REVENUE-WA|0.440|0.445|0.425|-0.015|-3.41|12,859
9946|REX|0.410|0.375|0.410|0.000|0.00|170
0106|REXIT|0.595|0.600|0.610|+0.015|+2.52|315
0037|RGB|0.220|0.220|0.215|-0.005|-2.27|43,934
9954|RGTBHD|0.185|0.185|0.185|0.000|0.00|5,317
9954WB|RGTBHD-WB|0.120|0.115|0.115|-0.005|-4.17|3,500
0202|RGTECH|0.240|0.240|0.240|0.000|0.00|3,506
1066|RHBBANK|5.800|5.840|5.790|-0.010|-0.17|40,617
106610|RHBBANKC10|0.090|0.000|0.000|0.000|0.00|0
106611|RHBBANKC11|0.060|0.070|0.055|-0.005|-8.33|2,132
106612|RHBBANKC12|0.105|0.000|0.000|0.000|0.00|0
106613|RHBBANKC13|0.090|0.000|0.000|0.000|0.00|0
5278|RHONEMA|0.770|0.000|0.000|0.000|0.00|0
9741|ROHAS|0.630|0.630|0.645|+0.015|+2.38|12,405
5113|RSAWIT|0.190|0.190|0.190|0.000|0.00|500
5270|RSENA|0.505|0.000|0.000|0.000|0.00|0
7803|RUBEREX|0.470|0.460|0.450|-0.020|-4.26|231
2542|RVIEW|3.020|0.000|0.000|0.000|0.00|0
5134|SAB|3.700|3.760|3.760|+0.060|+1.62|5
8567|SALCON|0.285|0.285|0.285|0.000|0.00|15,649
8567WB|SALCON-WB|0.090|0.090|0.085|-0.005|-5.56|12,690
0183|SALUTE|0.380|0.380|0.380|0.000|0.00|4,955
9822|SAM|7.680|7.660|7.660|-0.020|-0.26|525
5147|SAMCHEM|0.610|0.610|0.600|-0.010|-1.64|4,816
9113|SANBUMI|0.345|0.355|0.345|0.000|0.00|14,817
0541C9|SANDS-C9|0.115|0.000|0.000|0.000|0.00|0
0133|SANICHI|0.055|0.055|0.055|0.000|0.00|15,613
0133WC|SANICHI-WC|0.005|0.000|0.000|0.000|0.00|0
0133WD|SANICHI-WD|0.005|0.000|0.000|0.000|0.00|0
0133WE|SANICHI-WE|0.015|0.000|0.000|0.000|0.00|0
7811|SAPIND|0.705|0.720|0.710|+0.005|+0.71|60
5218|SAPNRG|0.365|0.370|0.360|-0.005|-1.37|2,259,664
5218PA|SAPNRG-PA|0.385|0.390|0.390|+0.005|+1.30|509
5218WA|SAPNRG-WA|0.135|0.145|0.145|+0.010|+7.41|1,668,198
521868|SAPNRGC68|0.005|0.000|0.000|0.000|0.00|0
521869|SAPNRGC69|0.010|0.000|0.000|0.000|0.00|0
521870|SAPNRGC70|0.085|0.085|0.070|-0.015|-17.65|4,330
521871|SAPNRGC71|0.010|0.000|0.000|0.000|0.00|0
521872|SAPNRGC72|0.010|0.000|0.000|0.000|0.00|0
521873|SAPNRGC73|0.045|0.050|0.050|+0.005|+11.11|6,301
521874|SAPNRGC74|0.045|0.045|0.045|0.000|0.00|26,200
521875|SAPNRGC75|0.100|0.100|0.100|0.000|0.00|64,110
521876|SAPNRGC76|0.095|0.095|0.095|0.000|0.00|100,925
4596|SAPRES|0.620|0.610|0.610|-0.010|-1.61|230
5252|SASBADI|0.275|0.280|0.265|-0.010|-3.64|88,322
5157|SAUDEE|0.305|0.315|0.320|+0.015|+4.92|725
5157WA|SAUDEE-WA|0.120|0.120|0.130|+0.010|+8.33|255
2569|SBAGAN|2.920|0.000|0.000|0.000|0.00|0
5207|SBCCORP|0.485|0.485|0.495|+0.010|+2.06|792
5170|SCABLE|0.430|0.420|0.380|-0.050|-11.63|9,032
0109|SCBUILD|0.025|0.025|0.025|0.000|0.00|11,750
0109WB|SCBUILD-WB|0.005|0.000|0.000|0.000|0.00|0
0158|SCC|0.520|0.510|0.510|-0.010|-1.92|478
7247|SCGM|1.160|1.170|1.160|0.000|0.00|2,292
7247WA|SCGM-WA|0.085|0.090|0.090|+0.005|+5.88|20
0161|SCH|0.135|0.135|0.135|0.000|0.00|630
0161WA|SCH-WA|0.040|0.000|0.000|0.000|0.00|0
9237|SCIB|0.695|0.695|0.670|-0.025|-3.60|703
0099|SCICOM|1.180|1.160|1.160|-0.020|-1.69|173
4731|SCIENTX|8.480|8.490|8.460|-0.020|-0.24|7,366
4731CF|SCIENTX-CF|0.055|0.000|0.000|0.000|0.00|0
7239|SCNWOLF|0.170|0.175|0.175|+0.005|+2.94|100
7158|SCOMI|0.050|0.050|0.045|-0.005|-10.00|32,557
7158WB|SCOMI-WB|0.010|0.010|0.015|+0.005|+50.00|1,150
7045|SCOMIES|0.085|0.080|0.080|-0.005|-5.88|110,377
0001|SCOMNET|0.825|0.835|0.790|-0.035|-4.24|20,003
0028|SCOPE|0.230|0.225|0.235|+0.005|+2.17|30,659
0028WA|SCOPE-WA|0.080|0.080|0.085|+0.005|+6.25|4,440
2224|SDRED|0.650|0.650|0.650|0.000|0.00|1,799
7073|SEACERA|0.380|0.385|0.385|+0.005|+1.32|239,999
7073WB|SEACERA-WB|0.005|0.000|0.000|0.000|0.00|0
7073WC|SEACERA-WC|0.045|0.045|0.045|0.000|0.00|30,650
4286|SEAL|0.340|0.345|0.340|0.000|0.00|850
5145|SEALINK|0.225|0.235|0.200|-0.025|-11.11|32,095
5163|SEB|0.380|0.380|0.390|+0.010|+2.63|400
0178|SEDANIA|0.120|0.120|0.120|0.000|0.00|2,989
7053|SEEHUP|0.910|0.910|0.910|0.000|0.00|40
03009|SEERS|0.100|0.000|0.000|0.000|0.00|0
9792|SEG|0.630|0.625|0.630|0.000|0.00|2,211
5250|SEM|1.450|1.440|1.450|0.000|0.00|1,601
5205|SENDAI|0.545|0.535|0.495|-0.050|-9.17|198,731
5279|SERBADK|3.900|3.910|3.890|-0.010|-0.26|22,241
5279CN|SERBADK-CN|0.010|0.000|0.000|0.000|0.00|0
5279CP|SERBADK-CP|0.090|0.000|0.000|0.000|0.00|0
5279CQ|SERBADK-CQ|0.170|0.000|0.000|0.000|0.00|0
5279CR|SERBADK-CR|0.150|0.000|0.000|0.000|0.00|0
5279CS|SERBADK-CS|0.100|0.000|0.000|0.000|0.00|0
7180|SERNKOU|0.545|0.530|0.525|-0.020|-3.67|290
7180WA|SERNKOU-WA|0.220|0.000|0.000|0.000|0.00|0
0055|SERSOL|0.110|0.110|0.110|0.000|0.00|600
0055WA|SERSOL-WA|0.050|0.000|0.000|0.000|0.00|0
5517|SHANG|5.730|5.720|5.710|-0.020|-0.35|2,530
4316|SHCHAN|0.360|0.000|0.000|0.000|0.00|0
7412|SHH|0.495|0.000|0.000|0.000|0.00|0
6017|SHL|2.430|2.440|2.440|+0.010|+0.41|130
5181|SIGGAS|0.880|0.880|0.875|-0.005|-0.57|870
7246|SIGN|0.440|0.440|0.445|+0.005|+1.14|2,810
7246WA|SIGN-WA|0.080|0.075|0.075|-0.005|-6.25|400
4197|SIME|2.150|2.150|2.180|+0.030|+1.40|30,495
419725|SIME-C25|0.005|0.000|0.000|0.000|0.00|0
419727|SIME-C27|0.005|0.000|0.000|0.000|0.00|0
419728|SIME-C28|0.015|0.000|0.000|0.000|0.00|0
419729|SIME-C29|0.040|0.000|0.000|0.000|0.00|0
419730|SIME-C30|0.035|0.000|0.000|0.000|0.00|0
419731|SIME-C31|0.035|0.000|0.000|0.000|0.00|0
419732|SIME-C32|0.075|0.080|0.080|+0.005|+6.67|7,498
419733|SIME-C33|0.050|0.000|0.000|0.000|0.00|0
5285|SIMEPLT|5.050|5.050|5.100|+0.050|+0.99|21,302
5285CH|SIMEPLT-CH|0.030|0.000|0.000|0.000|0.00|0
5285CI|SIMEPLT-CI|0.040|0.000|0.000|0.000|0.00|0
5285CJ|SIMEPLT-CJ|0.095|0.000|0.000|0.000|0.00|0
5288|SIMEPROP|1.110|1.110|1.060|-0.050|-4.50|16,442
5288CG|SIMEPROP-CG|0.020|0.000|0.000|0.000|0.00|0
5288CH|SIMEPROP-CH|0.050|0.000|0.000|0.000|0.00|0
5288CI|SIMEPROP-CI|0.005|0.000|0.000|0.000|0.00|0
5288CJ|SIMEPROP-CJ|0.020|0.000|0.000|0.000|0.00|0
5288CK|SIMEPROP-CK|0.045|0.000|0.000|0.000|0.00|0
5288CL|SIMEPROP-CL|0.065|0.000|0.000|0.000|0.00|0
8532|SINOTOP|0.310|0.000|0.000|0.000|0.00|0
9431|SJC|0.600|0.000|0.000|0.000|0.00|0
7115|SKBSHUT|0.650|0.000|0.000|0.000|0.00|0
7155|SKPRES|1.320|1.330|1.360|+0.040|+3.03|39,952
7155CN|SKPRES-CN|0.040|0.000|0.000|0.000|0.00|0
7155CO|SKPRES-CO|0.045|0.045|0.050|+0.005|+11.11|37,250
7155CP|SKPRES-CP|0.050|0.000|0.000|0.000|0.00|0
7155CQ|SKPRES-CQ|0.110|0.115|0.115|+0.005|+4.55|2,000
03008|SLIC|0.420|0.000|0.000|0.000|0.00|0
7248|SLP|1.230|1.200|1.230|0.000|0.00|256
9776|SMCAP|0.230|0.225|0.225|-0.005|-2.17|116,347
9776WC|SMCAP-WC|0.105|0.100|0.095|-0.010|-9.52|4,678
0203|SMETRIC|0.540|0.540|0.545|+0.005|+0.93|2,852
4375|SMI|0.175|0.175|0.175|0.000|0.00|8,060
7132|SMISCOR|0.480|0.000|0.000|0.000|0.00|0
0117|SMRT|0.115|0.115|0.120|+0.005|+4.35|501
0169|SMTRACK|0.080|0.085|0.085|+0.005|+6.25|4,595
7943|SNC|0.235|0.235|0.235|0.000|0.00|30
5213|SNTORIA|0.410|0.390|0.390|-0.020|-4.88|551
5213WA|SNTORIA-WA|0.005|0.000|0.000|0.000|0.00|0
5213WB|SNTORIA-WB|0.055|0.000|0.000|0.000|0.00|0
5242|SOLID|0.295|0.290|0.295|0.000|0.00|391
5242WA|SOLID-WA|0.080|0.000|0.000|0.000|0.00|0
0093|SOLUTN|0.090|0.090|0.090|0.000|0.00|2,180
0093WA|SOLUTN-WA|0.030|0.000|0.000|0.000|0.00|0
5126|SOP|2.530|2.530|2.530|0.000|0.00|62
0656CF|SP500-CF|0.010|0.000|0.000|0.000|0.00|0
0656CG|SP500-CG|0.870|0.895|0.890|+0.020|+2.30|522
0656CH|SP500-CH|1.440|0.000|0.000|0.000|0.00|0
0656CI|SP500-CI|0.940|0.000|0.000|0.000|0.00|0
0656HF|SP500-HF|0.005|0.000|0.000|0.000|0.00|0
0656HG|SP500-HG|0.195|0.185|0.180|-0.015|-7.69|1,956
0656HH|SP500-HH|0.305|0.285|0.285|-0.020|-6.56|300
0656HI|SP500-HI|1.010|0.000|0.000|0.000|0.00|0
1783|SPB|6.220|6.220|6.230|+0.010|+0.16|4,290
7103|SPRITZER|2.190|2.110|2.170|-0.020|-0.91|141
8664|SPSETIA|2.260|2.260|2.250|-0.010|-0.44|6,704
866410|SPSETIA-C10|0.010|0.000|0.000|0.000|0.00|0
866411|SPSETIA-C11|0.070|0.000|0.000|0.000|0.00|0
866412|SPSETIA-C12|0.105|0.000|0.000|0.000|0.00|0
866413|SPSETIA-C13|0.085|0.000|0.000|0.000|0.00|0
866414|SPSETIA-C14|0.115|0.000|0.000|0.000|0.00|0
866415|SPSETIA-C15|0.150|0.000|0.000|0.000|0.00|0
866416|SPSETIA-C16|0.080|0.075|0.075|-0.005|-6.25|7,998
8664C9|SPSETIA-C9|0.005|0.000|0.000|0.000|0.00|0
8664PA|SPSETIA-PA|0.900|0.000|0.000|0.000|0.00|0
8664PB|SPSETIA-PB|0.780|0.000|0.000|0.000|0.00|0
0129|SRIDGE|0.220|0.220|0.220|0.000|0.00|9,701
0129WA|SRIDGE-WA|0.055|0.055|0.060|+0.005|+9.09|4,500
5665|SSTEEL|0.830|0.830|0.825|-0.005|-0.60|1,199
5665LB|SSTEEL-LB|0.760|0.000|0.000|0.000|0.00|0
6084|STAR|0.780|0.780|0.790|+0.010|+1.28|1,032
0140|STERPRO|0.190|0.185|0.175|-0.015|-7.89|220
0140WA|STERPRO-WA|0.040|0.000|0.000|0.000|0.00|0
7143|STONE|0.120|0.115|0.115|-0.005|-4.17|50
7143WA|STONE-WA|0.015|0.000|0.000|0.000|0.00|0
0080|STRAITS|0.255|0.260|0.260|+0.005|+1.96|139,283
0080WA|STRAITS-WA|0.150|0.150|0.160|+0.010|+6.67|114,047
6904|SUBUR|0.540|0.505|0.505|-0.035|-6.48|30
7207|SUCCESS|0.720|0.720|0.680|-0.040|-5.56|8,296
9865|SUIWAH|2.680|2.680|2.680|0.000|0.00|1,635
1201|SUMATEC|0.010|0.010|0.010|0.000|0.00|46,760
1201WA|SUMATEC-WA|0.005|0.005|0.005|0.000|0.00|1,010
5263|SUNCON|1.860|1.850|1.850|-0.010|-0.54|2,610
5263CT|SUNCON-CT|0.005|0.000|0.000|0.000|0.00|0
5263CU|SUNCON-CU|0.055|0.000|0.000|0.000|0.00|0
5263CV|SUNCON-CV|0.030|0.040|0.040|+0.010|+33.33|400
5176|SUNREIT|1.750|1.750|1.780|+0.030|+1.71|31,857
3743|SUNSURIA|0.640|0.640|0.635|-0.005|-0.78|889
3743WA|SUNSURIA-WA|0.045|0.000|0.000|0.000|0.00|0
5211|SUNWAY|1.660|1.670|1.680|+0.020|+1.20|20,313
5211CR|SUNWAY-CR|0.035|0.000|0.000|0.000|0.00|0
5211WB|SUNWAY-WB|0.275|0.280|0.285|+0.010|+3.64|29,062
0148|SUNZEN|0.165|0.160|0.160|-0.005|-3.03|4,000
0148WA|SUNZEN-WA|0.040|0.040|0.045|+0.005|+12.50|2,213
0148WB|SUNZEN-WB|0.055|0.000|0.000|0.000|0.00|0
7235|SUPERLN|1.350|1.350|1.350|0.000|0.00|590
7106|SUPERMX|1.470|1.480|1.460|-0.010|-0.68|33,853
710648|SUPERMX-C48|0.005|0.000|0.000|0.000|0.00|0
710650|SUPERMX-C50|0.005|0.000|0.000|0.000|0.00|0
710652|SUPERMX-C52|0.005|0.000|0.000|0.000|0.00|0
710653|SUPERMX-C53|0.005|0.000|0.000|0.000|0.00|0
710654|SUPERMX-C54|0.095|0.000|0.000|0.000|0.00|0
710655|SUPERMX-C55|0.035|0.035|0.030|-0.005|-14.29|2,000
710656|SUPERMX-C56|0.090|0.095|0.085|-0.005|-5.56|4,550
710657|SUPERMX-C57|0.075|0.080|0.080|+0.005|+6.67|200
710658|SUPERMX-C58|0.050|0.000|0.000|0.000|0.00|0
710659|SUPERMX-C59|0.075|0.070|0.070|-0.005|-6.67|5,375
710660|SUPERMX-C60|0.035|0.000|0.000|0.000|0.00|0
710661|SUPERMX-C61|0.045|0.000|0.000|0.000|0.00|0
710662|SUPERMX-C62|0.065|0.060|0.060|-0.005|-7.69|11,500
710663|SUPERMX-C63|0.060|0.000|0.000|0.000|0.00|0
710664|SUPERMX-C64|0.080|0.000|0.000|0.000|0.00|0
710665|SUPERMX-C65|0.095|0.000|0.000|0.000|0.00|0
710666|SUPERMX-C66|0.080|0.080|0.080|0.000|0.00|1,500
03018|SUPREME|0.680|0.000|0.000|0.000|0.00|0
6521|SURIA|1.380|1.380|1.380|0.000|0.00|728
5135|SWKPLNT|1.530|0.000|0.000|0.000|0.00|0
7186|SWSCAP|0.660|0.675|0.675|+0.015|+2.27|10
7186WB|SWSCAP-WB|0.070|0.060|0.070|0.000|0.00|542
9717|SYCAL|0.235|0.000|0.000|0.000|0.00|0
7082|SYF|0.230|0.225|0.225|-0.005|-2.17|542
7082WB|SYF-WB|0.010|0.010|0.010|0.000|0.00|3,050
1538|SYMLIFE|0.415|0.415|0.420|+0.005|+1.20|2,911
1538WB|SYMLIFE-WB|0.035|0.030|0.035|0.000|0.00|813
5173|SYSCORP|0.340|0.330|0.330|-0.010|-2.94|1,130
0050|SYSTECH|0.240|0.230|0.265|+0.025|+10.42|40,090
7228|T7GLOBAL|0.530|0.530|0.525|-0.005|-0.94|29,760
4898|TA|0.620|0.620|0.620|0.000|0.00|2,436
5012|TAANN|2.420|2.400|2.330|-0.090|-3.72|1,170
5012CM|TAANN-CM|0.080|0.000|0.000|0.000|0.00|0
4022|TADMAX|0.240|0.240|0.225|-0.015|-6.25|6,792
7211|TAFI|0.340|0.000|0.000|0.000|0.00|0
5158|TAGB|0.250|0.250|0.250|0.000|0.00|8,050
6139|TAKAFUL|4.400|4.450|4.480|+0.080|+1.82|10,706
6139CC|TAKAFUL-CC|0.055|0.050|0.060|+0.005|+9.09|20,202
6139CD|TAKAFUL-CD|0.125|0.120|0.130|+0.005|+4.00|16,000
2259|TALAMT|0.040|0.035|0.040|0.000|0.00|8,337
8524|TALIWRK|0.915|0.920|0.920|+0.005|+0.55|30,960
8524CE|TALIWRK-CE|0.155|0.155|0.155|0.000|0.00|14,825
5191|TAMBUN|0.820|0.825|0.820|0.000|0.00|5,913
2429|TANCO|0.050|0.000|0.000|0.000|0.00|0
2429WB|TANCO-WB|0.020|0.025|0.025|+0.005|+25.00|1,399
5149|TAS|0.320|0.320|0.310|-0.010|-3.13|7,277
5140|TASCO|1.520|1.540|1.600|+0.080|+5.26|1,766
4448|TASEK|4.780|4.770|4.770|-0.010|-0.21|20
4448P|TASEK-PA|10.100|0.000|0.000|0.000|0.00|0
7097|TAWIN|0.520|0.525|0.510|-0.010|-1.92|10,520
4405|TCHONG|1.600|1.610|1.610|+0.010|+0.63|1,968
0132|TDEX|0.080|0.000|0.000|0.000|0.00|0
2054|TDM|0.180|0.180|0.175|-0.005|-2.78|78,176
0084|TECFAST|0.340|0.345|0.350|+0.010|+2.94|21,397
7439|TECGUAN|1.060|1.060|1.050|-0.010|-0.94|293
5289|TECHBND|0.780|0.790|0.790|+0.010|+1.28|8,454
7200|TEKSENG|0.250|0.245|0.245|-0.005|-2.00|419
7200WA|TEKSENG-WA|0.050|0.050|0.050|0.000|0.00|500
5347|TENAGA|12.680|12.700|13.060|+0.380|+3.00|31,391
534747|TENAGA-C47|0.050|0.000|0.000|0.000|0.00|0
534749|TENAGA-C49|0.005|0.000|0.000|0.000|0.00|0
534750|TENAGA-C50|0.040|0.040|0.045|+0.005|+12.50|46,356
534751|TENAGA-C51|0.040|0.040|0.045|+0.005|+12.50|2,398
534752|TENAGA-C52|0.040|0.000|0.000|0.000|0.00|0
534753|TENAGA-C53|0.050|0.060|0.060|+0.010|+20.00|6,500
534754|TENAGA-C54|0.110|0.105|0.105|-0.005|-4.55|57,885
0546C7|TENCENT-C7|0.195|0.205|0.205|+0.010|+5.13|200
7252|TEOSENG|1.290|1.290|1.280|-0.010|-0.78|5,577
7252WA|TEOSENG-WA|0.280|0.000|0.000|0.000|0.00|0
8702|TEXCHEM|0.680|0.000|0.000|0.000|0.00|0
0089|TEXCYCL|0.520|0.530|0.530|+0.010|+1.92|480
0145|TFP|0.095|0.095|0.095|0.000|0.00|1,000
9369|TGL|1.000|0.000|0.000|0.000|0.00|0
7034|TGUAN|2.590|2.580|2.590|0.000|0.00|715
7034LA|TGUAN-LA|2.600|0.000|0.000|0.000|0.00|0
7034WA|TGUAN-WA|1.060|1.060|1.060|0.000|0.00|133
9075|THETA|0.430|0.425|0.425|-0.005|-1.16|828
7206|THHEAVY|0.070|0.070|0.065|-0.005|-7.14|41,542
7206PB|THHEAVY-PB|0.075|0.000|0.000|0.000|0.00|0
5112|THPLANT|0.510|0.525|0.525|+0.015|+2.94|735
7889|THRIVEN|0.220|0.235|0.240|+0.020|+9.09|45,019
7889WB|THRIVEN-WB|0.070|0.070|0.080|+0.010|+14.29|13,996
7374|TIENWAH|1.330|1.330|1.350|+0.020|+1.50|170
7079|TIGER|0.075|0.075|0.075|0.000|0.00|11,242
7079WC|TIGER-WC|0.015|0.015|0.015|0.000|0.00|100
5031|TIMECOM|8.780|8.790|8.700|-0.080|-0.91|10,433
7854|TIMWELL|0.640|0.000|0.000|0.000|0.00|0
5239|TITIJYA|0.315|0.315|0.315|0.000|0.00|5,145
5239PA|TITIJYA-PA|0.035|0.030|0.035|0.000|0.00|177
4863|TM|3.180|3.170|3.220|+0.040|+1.26|11,804
486327|TM-C27|0.005|0.000|0.000|0.000|0.00|0
486328|TM-C28|0.005|0.005|0.005|0.000|0.00|1,500
486329|TM-C29|0.005|0.000|0.000|0.000|0.00|0
486330|TM-C30|0.045|0.000|0.000|0.000|0.00|0
486331|TM-C31|0.050|0.000|0.000|0.000|0.00|0
486332|TM-C32|0.015|0.000|0.000|0.000|0.00|0
486333|TM-C33|0.065|0.000|0.000|0.000|0.00|0
486334|TM-C34|0.110|0.000|0.000|0.000|0.00|0
486335|TM-C35|0.120|0.115|0.115|-0.005|-4.17|10,442
486336|TM-C36|0.245|0.000|0.000|0.000|0.00|0
486337|TM-C37|0.375|0.370|0.380|+0.005|+1.33|1,511
486338|TM-C38|0.205|0.000|0.000|0.000|0.00|0
486339|TM-C39|0.245|0.235|0.240|-0.005|-2.04|500
486340|TM-C40|0.165|0.000|0.000|0.000|0.00|0
0101|TMCLIFE|0.735|0.730|0.725|-0.010|-1.36|2,186
0101WB|TMCLIFE-WB|0.025|0.020|0.020|-0.005|-20.00|16,451
8397|TNLOGIS|0.630|0.620|0.615|-0.015|-2.38|1,213
7218|TOCEAN|0.590|0.620|0.685|+0.095|+16.10|1,189
7230|TOMEI|0.530|0.510|0.515|-0.015|-2.83|380
7285|TOMYPAK|0.500|0.500|0.505|+0.005|+1.00|11,137
7285WA|TOMYPAK-WA|0.160|0.160|0.160|0.000|0.00|1,810
5010|TONGHER|3.520|3.520|3.540|+0.020|+0.57|264
7113|TOPGLOV|4.560|4.570|4.520|-0.040|-0.88|54,884
711333|TOPGLOV-C33|0.005|0.000|0.000|0.000|0.00|0
711340|TOPGLOV-C40|0.005|0.000|0.000|0.000|0.00|0
711341|TOPGLOV-C41|0.010|0.000|0.000|0.000|0.00|0
711342|TOPGLOV-C42|0.025|0.025|0.025|0.000|0.00|440
711343|TOPGLOV-C43|0.035|0.035|0.035|0.000|0.00|100
711344|TOPGLOV-C44|0.030|0.030|0.030|0.000|0.00|5,716
711345|TOPGLOV-C45|0.095|0.090|0.090|-0.005|-5.26|1,965
711346|TOPGLOV-C46|0.085|0.085|0.080|-0.005|-5.88|17,010
711347|TOPGLOV-C47|0.100|0.000|0.000|0.000|0.00|0
711348|TOPGLOV-C48|0.075|0.075|0.070|-0.005|-6.67|2,900
711349|TOPGLOV-C49|0.145|0.140|0.140|-0.005|-3.45|2,000
711350|TOPGLOV-C50|0.105|0.105|0.105|0.000|0.00|200
03013|TOPVISN|0.400|0.000|0.000|0.000|0.00|0
7173|TOYOINK|0.640|0.630|0.620|-0.020|-3.13|80
7173WB|TOYOINK-WB|0.095|0.100|0.095|0.000|0.00|671
7176|TPC|0.410|0.000|0.000|0.000|0.00|0
7176WA|TPC-WA|0.220|0.225|0.225|+0.005|+2.27|577
5054|TRC|0.650|0.640|0.635|-0.015|-2.31|11,923
0199|TRIMODE|0.450|0.460|0.450|0.000|0.00|362
0118|TRIVE|0.015|0.020|0.020|+0.005|+33.33|12,488
0118WB|TRIVE-WB|0.005|0.000|0.000|0.000|0.00|0
5401|TROP|0.875|0.875|0.880|+0.005|+0.57|1,840
5401WA|TROP-WA|0.025|0.025|0.025|0.000|0.00|902
9059|TSH|1.090|1.080|1.080|-0.010|-0.92|18,215
5042|TSRCAP|0.400|0.000|0.000|0.000|0.00|0
5042WB|TSRCAP-WB|0.045|0.040|0.045|0.000|0.00|1,302
5230|TUNEPRO|0.695|0.695|0.680|-0.015|-2.16|14,790
5167|TURBO|0.785|0.775|0.780|-0.005|-0.64|114
4359|TURIYA|0.150|0.000|0.000|0.000|0.00|0
5111|TWRREIT|0.900|0.910|0.910|+0.010|+1.11|150
7100|UCHITEC|2.650|2.650|2.710|+0.060|+2.26|2,810
7100CE|UCHITEC-CE|0.025|0.000|0.000|0.000|0.00|0
7100CF|UCHITEC-CF|0.100|0.000|0.000|0.000|0.00|0
0005|UCREST|0.280|0.280|0.275|-0.005|-1.79|83,367
5148|UEMS|0.830|0.830|0.845|+0.015|+1.81|8,277
514864|UEMS-C64|0.040|0.000|0.000|0.000|0.00|0
514865|UEMS-C65|0.080|0.080|0.080|0.000|0.00|1,000
514866|UEMS-C66|0.060|0.000|0.000|0.000|0.00|0
7133|ULICORP|0.435|0.435|0.425|-0.010|-2.30|5,511
2593|UMCCA|5.410|5.400|5.400|-0.010|-0.18|117
7137|UMS|2.380|2.190|2.190|-0.190|-7.98|20
7227|UMSNGB|1.000|0.965|0.965|-0.035|-3.50|374
4588|UMW|5.780|5.700|5.750|-0.030|-0.52|13,691
458810|UMW-C10|0.005|0.000|0.000|0.000|0.00|0
458811|UMW-C11|0.035|0.000|0.000|0.000|0.00|0
458812|UMW-C12|0.210|0.000|0.000|0.000|0.00|0
458813|UMW-C13|0.200|0.000|0.000|0.000|0.00|0
458814|UMW-C14|0.195|0.000|0.000|0.000|0.00|0
458815|UMW-C15|0.210|0.205|0.205|-0.005|-2.38|400
458816|UMW-C16|0.115|0.000|0.000|0.000|0.00|0
458817|UMW-C17|0.115|0.000|0.000|0.000|0.00|0
4588C9|UMW-C9|0.025|0.000|0.000|0.000|0.00|0
7091|UNIMECH|1.120|1.120|1.130|+0.010|+0.89|3,827
5005|UNISEM|2.640|2.680|2.670|+0.030|+1.14|411
500511|UNISEM-C11|0.220|0.000|0.000|0.000|0.00|0
500512|UNISEM-C12|0.015|0.000|0.000|0.000|0.00|0
500514|UNISEM-C14|0.045|0.000|0.000|0.000|0.00|0
500515|UNISEM-C15|0.060|0.000|0.000|0.000|0.00|0
03017|UNIWALL|0.320|0.000|0.000|0.000|0.00|0
5200|UOADEV|2.190|2.200|2.190|0.000|0.00|9,653
5110|UOAREIT|1.370|1.370|1.370|0.000|0.00|787
7757|UPA|2.200|2.200|2.200|0.000|0.00|80
2089|UTDPLT|27.400|27.400|27.400|0.000|0.00|57
5754|UTUSAN|0.170|0.000|0.000|0.000|0.00|0
7250|UZMA|1.070|1.070|1.010|-0.060|-5.61|22,797
0060|VC|0.155|0.150|0.155|0.000|0.00|1,188
5243|VELESTO|0.310|0.310|0.305|-0.005|-1.61|364,039
524324|VELESTO-C24|0.215|0.000|0.000|0.000|0.00|0
524325|VELESTO-C25|0.025|0.000|0.000|0.000|0.00|0
524326|VELESTO-C26|0.120|0.000|0.000|0.000|0.00|0
524327|VELESTO-C27|0.115|0.110|0.110|-0.005|-4.35|2,746
5243WA|VELESTO-WA|0.120|0.120|0.115|-0.005|-4.17|59,258
4995|VERSATL|0.400|0.410|0.380|-0.020|-5.00|3,199
7240|VERTICE|0.875|0.870|0.855|-0.020|-2.29|2,041
7240WA|VERTICE-WA|0.450|0.485|0.500|+0.050|+11.11|946
0120|VIS|0.520|0.520|0.515|-0.005|-0.96|6,997
0120WB|VIS-WB|0.185|0.185|0.185|0.000|0.00|2,020
0097|VITROX|7.210|7.210|7.170|-0.040|-0.55|2,258
0097CL|VITROX-CL|0.020|0.000|0.000|0.000|0.00|0
0097CM|VITROX-CM|0.060|0.000|0.000|0.000|0.00|0
0069|VIVOCOM|0.015|0.015|0.020|+0.005|+33.33|9,685
0069WC|VIVOCOM-WC|0.005|0.000|0.000|0.000|0.00|0
0069WD|VIVOCOM-WD|0.005|0.000|0.000|0.000|0.00|0
0069WE|VIVOCOM-WE|0.005|0.005|0.005|0.000|0.00|500
7070|VIZIONE|0.980|0.980|0.980|0.000|0.00|2,956
7070LA|VIZIONE-LA|0.070|0.000|0.000|0.000|0.00|0
7070WC|VIZIONE-WC|0.370|0.390|0.385|+0.015|+4.05|1,242
6963|VS|0.985|0.990|0.980|-0.005|-0.51|138,722
696310|VS-C10|0.095|0.095|0.090|-0.005|-5.26|65,157
696311|VS-C11|0.205|0.000|0.000|0.000|0.00|0
696312|VS-C12|0.080|0.080|0.080|0.000|0.00|2,000
696313|VS-C13|0.100|0.100|0.095|-0.005|-5.00|35,579
6963C5|VS-C5|0.005|0.000|0.000|0.000|0.00|0
6963C6|VS-C6|0.005|0.000|0.000|0.000|0.00|0
6963C7|VS-C7|0.005|0.000|0.000|0.000|0.00|0
6963C8|VS-C8|0.160|0.160|0.160|0.000|0.00|10
6963C9|VS-C9|0.130|0.130|0.130|0.000|0.00|10,300
0066|VSOLAR|0.215|0.215|0.210|-0.005|-2.33|199,385
5162|VSTECS|1.000|1.000|1.000|0.000|0.00|280
7203|WANGZNG|1.080|1.070|1.090|+0.010|+0.93|164
5016|WARISAN|2.100|2.100|2.100|0.000|0.00|1
5142|WASEONG|0.795|0.795|0.785|-0.010|-1.26|6,383
7226|WATTA|0.875|0.835|0.755|-0.120|-13.71|3,587
3565|WCEHB|0.545|0.545|0.525|-0.020|-3.67|1,209
9679|WCT|0.830|0.830|0.830|0.000|0.00|11,122
967914|WCT-C14|0.010|0.000|0.000|0.000|0.00|0
967915|WCT-C15|0.015|0.000|0.000|0.000|0.00|0
967916|WCT-C16|0.045|0.000|0.000|0.000|0.00|0
9679WE|WCT-WE|0.075|0.075|0.080|+0.005|+6.67|2,260
0197|WEGMANS|0.340|0.345|0.340|0.000|0.00|6,171
0197WA|WEGMANS-WA|0.150|0.150|0.150|0.000|0.00|1,695
7231|WELLCAL|1.270|1.290|1.270|0.000|0.00|10
0162|WIDAD|0.305|0.305|0.300|-0.005|-1.64|38,391
0162WA|WIDAD-WA|0.110|0.110|0.100|-0.010|-9.09|13,133
7692|WIDETEC|0.560|0.560|0.560|0.000|0.00|100
0008|WILLOW|0.455|0.450|0.450|-0.005|-1.10|2,617
0141|WINTONI|0.035|0.000|0.000|0.000|0.00|0
6378|WMG|0.130|0.130|0.135|+0.005|+3.85|5,452
7050|WONG|0.580|0.585|0.585|+0.005|+0.86|300
7025|WOODLAN|0.730|0.000|0.000|0.000|0.00|0
5246|WPRTS|3.810|3.760|3.830|+0.020|+0.52|15,629
5246CX|WPRTS-CX|0.050|0.000|0.000|0.000|0.00|0
5246CY|WPRTS-CY|0.135|0.135|0.135|0.000|0.00|500
5009|WTHORSE|1.220|1.170|1.190|-0.030|-2.46|100
4243|WTK|0.690|0.695|0.655|-0.035|-5.07|17,214
7245|WZSATU|0.315|0.320|0.310|-0.005|-1.59|15,997
7245WA|WZSATU-WA|0.120|0.125|0.125|+0.005|+4.17|100
5156|XDL|0.100|0.100|0.105|+0.005|+5.00|113,791
5156WD|XDL-WD|0.020|0.020|0.020|0.000|0.00|3,000
7121|XIANLNG|0.435|0.420|0.435|0.000|0.00|100
0581C1|XIAOMI-C1|0.015|0.000|0.000|0.000|0.00|0
0581C2|XIAOMI-C2|0.165|0.165|0.175|+0.010|+6.06|4,796
0095|XINGHE|0.035|0.030|0.035|0.000|0.00|112,942
0095WA|XINGHE-WA|0.005|0.000|0.000|0.000|0.00|0
5267|XINHWA|0.855|0.855|0.900|+0.045|+5.26|4,416
5155|XINQUAN|0.055|0.000|0.000|0.000|0.00|0
5155WA|XINQUAN-WA|0.005|0.000|0.000|0.000|0.00|0
5155WB|XINQUAN-WB|0.015|0.000|0.000|0.000|0.00|0
0165|XOX|0.050|0.055|0.055|+0.005|+10.00|309,864
7003|Y&G|0.910|0.000|0.000|0.000|0.00|0
7003WA|Y&G-WA|0.100|0.000|0.000|0.000|0.00|0
0025|YBS|0.145|0.145|0.145|0.000|0.00|930
5584|YEELEE|1.900|1.880|1.930|+0.030|+1.58|80
7122|YFG|0.005|0.000|0.000|0.000|0.00|0
0086|YGL|0.115|0.120|0.120|+0.005|+4.35|1,800
5048|YILAI|0.625|0.625|0.625|0.000|0.00|20
7293|YINSON|4.520|4.500|4.520|0.000|0.00|11,471
7293CT|YINSON-CT|0.030|0.000|0.000|0.000|0.00|0
7293CV|YINSON-CV|0.055|0.000|0.000|0.000|0.00|0
7293CW|YINSON-CW|0.105|0.100|0.100|-0.005|-4.76|4
7020|YKGI|0.135|0.135|0.125|-0.010|-7.41|8,426
7020WB|YKGI-WB|0.025|0.020|0.020|-0.005|-20.00|4,531
7014|YLI|0.290|0.000|0.000|0.000|0.00|0
3158|YNHPROP|1.200|1.180|1.190|-0.010|-0.83|48,044
5159|YOCB|1.200|1.200|1.190|-0.010|-0.83|1,907
7066|YONGTAI|0.370|0.385|0.380|+0.010|+2.70|96,125
7066PA|YONGTAI-PA|0.215|0.215|0.215|0.000|0.00|7,627
7066WA|YONGTAI-WA|0.110|0.115|0.105|-0.005|-4.55|5,914
7178|YSPSAH|2.830|2.840|2.830|0.000|0.00|430
4677|YTL|1.100|1.090|1.110|+0.010|+0.91|22,713
467722|YTL-C22|0.050|0.000|0.000|0.000|0.00|0
467723|YTL-C23|0.055|0.060|0.070|+0.015|+27.27|5,200
467724|YTL-C24|0.150|0.000|0.000|0.000|0.00|0
2577|YTLLAND|0.395|0.390|0.390|-0.005|-1.27|50
2577LA|YTLLAND-LA|0.355|0.000|0.000|0.000|0.00|0
6742|YTLPOWR|0.830|0.840|0.855|+0.025|+3.01|27,637
6742C5|YTLPOWR-C5|0.005|0.000|0.000|0.000|0.00|0
6742C6|YTLPOWR-C6|0.055|0.000|0.000|0.000|0.00|0
6742C7|YTLPOWR-C7|0.150|0.000|0.000|0.000|0.00|0
5109|YTLREIT|1.260|1.260|1.270|+0.010|+0.79|3,398
7028|ZECON|0.300|0.300|0.300|0.000|0.00|23,279
2283|ZELAN|0.105|0.100|0.095|-0.010|-9.52|54,023
5131|ZHULIAN|1.360|1.370|1.380|+0.020|+1.47|156
0012|3A|0.850|0.850|0.885|+0.035|+4.12|6,592
