070322|A50CHIN-C22|0.220|0.200|0.105|-0.115|-52.27|19,057
070324|A50CHIN-C24|0.795|0.705|0.645|-0.150|-18.87|310
070326|A50CHIN-C26|0.505|0.000|0.000|0.000|0.00|0
070328|A50CHIN-C28|0.255|0.215|0.200|-0.055|-21.57|27,414
070330|A50CHIN-C30|0.335|0.280|0.285|-0.050|-14.93|126,915
070332|A50CHIN-C32|0.780|0.000|0.000|0.000|0.00|0
070334|A50CHIN-C34|0.970|0.000|0.000|0.000|0.00|0
070336|A50CHIN-C36|0.550|0.460|0.455|-0.095|-17.27|130
070321|A50CHIN-H21|0.050|0.000|0.000|0.000|0.00|0
070323|A50CHIN-H23|0.005|0.000|0.000|0.000|0.00|0
070325|A50CHIN-H25|0.035|0.000|0.000|0.000|0.00|0
070327|A50CHIN-H27|0.080|0.090|0.115|+0.035|+43.75|12,243
7054|AASIA|0.145|0.000|0.000|0.000|0.00|0
5238|AAX|0.250|0.250|0.255|+0.005|+2.00|20,161
523820|AAX-C20|0.005|0.000|0.000|0.000|0.00|0
523821|AAX-C21|0.005|0.000|0.000|0.000|0.00|0
5238WA|AAX-WA|0.055|0.055|0.050|-0.005|-9.09|2,747
0800EA|ABFMY1|1.167|0.000|0.000|0.000|0.00|0
7086|ABLEGRP|0.070|0.075|0.075|+0.005|+7.14|8,102
2488|ABMB|4.220|4.210|4.140|-0.080|-1.90|4,362
2488CY|ABMB-CY|0.100|0.000|0.000|0.000|0.00|0
7131|ACME|0.250|0.000|0.000|0.000|0.00|0
7120|ACOSTEC|0.455|0.455|0.455|0.000|0.00|11,561
5281|ADVCON|0.375|0.385|0.390|+0.015|+4.00|50,972
7191|ADVENTA|0.385|0.000|0.000|0.000|0.00|0
9148|ADVPKG|1.900|0.000|0.000|0.000|0.00|0
7146|AEM|0.110|0.000|0.000|0.000|0.00|0
7146WA|AEM-WA|0.005|0.000|0.000|0.000|0.00|0
0181|AEMULUS|0.255|0.255|0.250|-0.005|-1.96|9,041
6599|AEON|1.600|1.600|1.600|0.000|0.00|9,026
6599CO|AEON-CO|0.055|0.050|0.055|0.000|0.00|4,393
6599CP|AEON-CP|0.050|0.000|0.000|0.000|0.00|0
6599CQ|AEON-CQ|0.030|0.000|0.000|0.000|0.00|0
5139|AEONCR|17.200|17.100|17.200|0.000|0.00|2,412
5139LA|AEONCR-LA|1.620|1.590|1.570|-0.050|-3.09|409
5185|AFFIN|2.280|2.280|2.270|-0.010|-0.44|661
5198|AFUJIYA|0.540|0.510|0.510|-0.030|-5.56|100
7315|AHB|0.140|0.130|0.135|-0.005|-3.57|1,191
7315WB|AHB-WB|0.005|0.005|0.005|0.000|0.00|4,103
7090|AHEALTH|9.590|9.630|9.390|-0.200|-2.09|315
4952|AHP|0.750|0.000|0.000|0.000|0.00|0
0122|AIM|0.280|0.000|0.000|0.000|0.00|0
5099|AIRASIA|2.830|2.840|2.870|+0.040|+1.41|103,606
509959|AIRASIAC59|0.025|0.000|0.000|0.000|0.00|0
509967|AIRASIAC67|0.095|0.100|0.085|-0.010|-10.53|16,587
509968|AIRASIAC68|0.005|0.000|0.000|0.000|0.00|0
509969|AIRASIAC69|0.030|0.035|0.035|+0.005|+16.67|48,886
509970|AIRASIAC70|0.020|0.020|0.020|0.000|0.00|5,000
509971|AIRASIAC71|0.090|0.080|0.085|-0.005|-5.56|14,563
509972|AIRASIAC72|0.190|0.190|0.195|+0.005|+2.63|2,126
509973|AIRASIAC73|0.210|0.215|0.220|+0.010|+4.76|3,838
509974|AIRASIAC74|0.280|0.310|0.310|+0.030|+10.71|60
509975|AIRASIAC75|0.140|0.140|0.140|0.000|0.00|1,444
509976|AIRASIAC76|0.075|0.075|0.080|+0.005|+6.67|4,000
509977|AIRASIAC77|0.080|0.080|0.085|+0.005|+6.25|139,424
509978|AIRASIAC78|0.100|0.100|0.100|0.000|0.00|29,000
509979|AIRASIAC79|0.050|0.050|0.050|0.000|0.00|900
509980|AIRASIAC80|0.050|0.055|0.055|+0.005|+10.00|15,400
5014|AIRPORT|7.790|7.800|7.750|-0.040|-0.51|35,468
5014C2|AIRPORT-C2|0.025|0.000|0.000|0.000|0.00|0
5014C3|AIRPORT-C3|0.035|0.000|0.000|0.000|0.00|0
5014C4|AIRPORT-C4|0.045|0.000|0.000|0.000|0.00|0
5014C5|AIRPORT-C5|0.060|0.000|0.000|0.000|0.00|0
5014C6|AIRPORT-C6|0.160|0.000|0.000|0.000|0.00|0
5014C7|AIRPORT-C7|0.095|0.000|0.000|0.000|0.00|0
2682|AISB|0.260|0.260|0.260|0.000|0.00|35
2658|AJI|18.680|18.680|18.600|-0.080|-0.43|21
7609|AJIYA|0.530|0.530|0.525|-0.005|-0.94|296
7609WA|AJIYA-WA|0.095|0.000|0.000|0.000|0.00|0
5115|ALAM|0.105|0.105|0.115|+0.010|+9.52|79,515
5116|ALAQAR|1.350|0.000|0.000|0.000|0.00|0
2674|ALCOM|0.535|0.520|0.520|-0.015|-2.80|176
1163|ALLIANZ|14.340|14.340|14.340|0.000|0.00|75
1163PA|ALLIANZ-PA|14.300|0.000|0.000|0.000|0.00|0
5269|ALSREIT|0.825|0.825|0.825|0.000|0.00|268
1015|AMBANK|4.500|4.530|4.500|0.000|0.00|34,550
101510|AMBANK-C10|0.170|0.000|0.000|0.000|0.00|0
101511|AMBANK-C11|0.180|0.000|0.000|0.000|0.00|0
101512|AMBANK-C12|0.150|0.135|0.135|-0.015|-10.00|5,084
101513|AMBANK-C13|0.095|0.000|0.000|0.000|0.00|0
0159|AMEDIA|0.165|0.165|0.165|0.000|0.00|13,940
5120|AMFIRST|0.535|0.535|0.530|-0.005|-0.93|664
03011|AMLEX|0.180|0.000|0.000|0.000|0.00|0
1007|AMPROP|0.520|0.515|0.520|0.000|0.00|1,242
1007PA|AMPROP-PA|0.250|0.250|0.250|0.000|0.00|12,242
1007PB|AMPROP-PB|0.580|0.000|0.000|0.000|0.00|0
7051|AMTEK|0.275|0.310|0.370|+0.095|+34.55|101
7031|AMTEL|0.665|0.000|0.000|0.000|0.00|0
5959|AMVERTON|1.020|0.000|0.000|0.000|0.00|0
6351|AMWAY|6.150|6.150|6.140|-0.010|-0.16|206
7083|ANALABS|1.200|1.200|1.200|0.000|0.00|40
4758|ANCOM|0.495|0.490|0.490|-0.005|-1.01|1,375
0048|ANCOMLB|0.090|0.095|0.095|+0.005|+5.56|518
6556|ANNJOO|1.590|1.590|1.600|+0.010|+0.63|21,290
6556PA|ANNJOO-PA|0.550|0.550|0.550|0.000|0.00|8
9342|ANZO|0.040|0.040|0.035|-0.005|-12.50|2,280
9342WA|ANZO-WA|0.005|0.000|0.000|0.000|0.00|0
9342WB|ANZO-WB|0.025|0.000|0.000|0.000|0.00|0
9342WC|ANZO-WC|0.005|0.000|0.000|0.000|0.00|0
5568|APB|0.730|0.000|0.000|0.000|0.00|0
5088|APEX|1.010|1.020|1.020|+0.010|+0.99|40
5194|APFT|0.020|0.000|0.000|0.000|0.00|0
5015|APM|3.100|0.000|0.000|0.000|0.00|0
6432|APOLLO|3.880|3.860|3.890|+0.010|+0.26|40
0119|APPASIA|0.085|0.090|0.085|0.000|0.00|681
0119WA|APPASIA-WA|0.035|0.035|0.035|0.000|0.00|4,700
7214|ARANK|0.515|0.520|0.520|+0.005|+0.97|468
7007|ARK|0.500|0.000|0.000|0.000|0.00|0
7007WB|ARK-WB|0.090|0.000|0.000|0.000|0.00|0
5210|ARMADA|0.175|0.175|0.165|-0.010|-5.71|310,802
521040|ARMADA-C40|0.005|0.000|0.000|0.000|0.00|0
521043|ARMADA-C43|0.005|0.000|0.000|0.000|0.00|0
521045|ARMADA-C45|0.005|0.000|0.000|0.000|0.00|0
521046|ARMADA-C46|0.005|0.000|0.000|0.000|0.00|0
521047|ARMADA-C47|0.005|0.000|0.000|0.000|0.00|0
521048|ARMADA-C48|0.005|0.000|0.000|0.000|0.00|0
521049|ARMADA-C49|0.005|0.005|0.005|0.000|0.00|4,200
521050|ARMADA-C50|0.015|0.000|0.000|0.000|0.00|0
5127|ARREIT|0.845|0.850|0.850|+0.005|+0.59|69
1481|ASB|0.125|0.125|0.125|0.000|0.00|12,929
0068|ASDION|0.255|0.250|0.260|+0.005|+1.96|35,322
0068WB|ASDION-WB|0.005|0.000|0.000|0.000|0.00|0
7722|ASIABRN|0.480|0.450|0.490|+0.010|+2.08|170
7129|ASIAFLE|2.600|2.550|2.530|-0.070|-2.69|92
4057|ASIAPAC|0.120|0.115|0.115|-0.005|-4.17|570
4057LC|ASIAPAC-LC|0.600|0.000|0.000|0.000|0.00|0
4057WB|ASIAPAC-WB|0.055|0.035|0.055|0.000|0.00|161
0105|ASIAPLY|0.080|0.075|0.080|0.000|0.00|3,915
0105PA|ASIAPLY-PA|0.040|0.035|0.035|-0.005|-12.50|13,000
0105WA|ASIAPLY-WA|0.020|0.000|0.000|0.000|0.00|0
0105WB|ASIAPLY-WB|0.025|0.025|0.025|0.000|0.00|250
7162|ASTINO|0.640|0.640|0.640|0.000|0.00|135
6399|ASTRO|1.580|1.580|1.610|+0.030|+1.90|13,549
639910|ASTRO-C10|0.135|0.000|0.000|0.000|0.00|0
639911|ASTRO-C11|0.125|0.115|0.115|-0.010|-8.00|2,000
639912|ASTRO-C12|0.110|0.095|0.095|-0.015|-13.64|1,500
639913|ASTRO-C13|0.090|0.000|0.000|0.000|0.00|0
639914|ASTRO-C14|0.080|0.000|0.000|0.000|0.00|0
0072|AT|0.050|0.045|0.045|-0.005|-10.00|1,205
0072WB|AT-WB|0.005|0.000|0.000|0.000|0.00|0
8176|ATAIMS|1.730|1.750|1.730|0.000|0.00|3,025
7048|ATLAN|4.380|0.000|0.000|0.000|0.00|0
5130|ATRIUM|1.120|1.120|1.120|0.000|0.00|1,270
7099|ATTA|0.715|0.715|0.690|-0.025|-3.50|1,446
7099LA|ATTA-LA|0.090|0.090|0.085|-0.005|-5.56|11,480
7099PA|ATTA-PA|0.145|0.000|0.000|0.000|0.00|0
7099WB|ATTA-WB|0.090|0.000|0.000|0.000|0.00|0
7099WC|ATTA-WC|0.095|0.095|0.095|0.000|0.00|145
7181|ATURMJU|0.445|0.440|0.415|-0.030|-6.74|43,046
7181PA|ATURMJU-PA|0.140|0.140|0.145|+0.005|+3.57|67,735
8885|AVI|0.240|0.235|0.245|+0.005|+2.08|59
7579|AWC|0.765|0.760|0.765|0.000|0.00|18,091
7579WA|AWC-WA|0.215|0.210|0.210|-0.005|-2.33|4,894
6888|AXIATA|4.190|4.120|4.160|-0.030|-0.72|32,038
688828|AXIATA-C28|0.020|0.000|0.000|0.000|0.00|0
688829|AXIATA-C29|0.005|0.000|0.000|0.000|0.00|0
688830|AXIATA-C30|0.040|0.000|0.000|0.000|0.00|0
688831|AXIATA-C31|0.040|0.000|0.000|0.000|0.00|0
688832|AXIATA-C32|0.120|0.000|0.000|0.000|0.00|0
688833|AXIATA-C33|0.180|0.000|0.000|0.000|0.00|0
688834|AXIATA-C34|0.180|0.000|0.000|0.000|0.00|0
688835|AXIATA-C35|0.155|0.000|0.000|0.000|0.00|0
688836|AXIATA-C36|0.185|0.000|0.000|0.000|0.00|0
688837|AXIATA-C37|0.150|0.090|0.085|-0.065|-43.33|12
5106|AXREIT|1.730|1.740|1.740|+0.010|+0.58|4,367
2305|AYER|4.500|0.000|0.000|0.000|0.00|0
5021|AYS|0.350|0.345|0.350|0.000|0.00|4,825
7078|AZRB|0.465|0.475|0.475|+0.010|+2.15|184,717
7078WA|AZRB-WA|0.205|0.210|0.210|+0.005|+2.44|14,109
0098|BAHVEST|0.625|0.625|0.665|+0.040|+6.40|188,248
0098WA|BAHVEST-WA|0.360|0.365|0.380|+0.020|+5.56|48,828
7251|BARAKAH|0.110|0.110|0.110|0.000|0.00|70,971
4162|BAT|34.120|34.200|34.120|0.000|0.00|1,937
4162CM|BAT-CM|0.065|0.000|0.000|0.000|0.00|0
4162CN|BAT-CN|0.130|0.000|0.000|0.000|0.00|0
4162CO|BAT-CO|0.150|0.000|0.000|0.000|0.00|0
5248|BAUTO|2.190|2.160|2.200|+0.010|+0.46|14,538
5248C1|BAUTO-C1|0.070|0.060|0.070|0.000|0.00|1,630
5248CY|BAUTO-CY|0.125|0.000|0.000|0.000|0.00|0
5248CZ|BAUTO-CZ|0.155|0.155|0.165|+0.010|+6.45|3,000
6602|BCB|0.275|0.280|0.280|+0.005|+1.82|1,461
0187|BCMALL|0.195|0.195|0.195|0.000|0.00|8,139
6173|BDB|0.345|0.345|0.350|+0.005|+1.45|401
5190|BENALEC|0.195|0.190|0.200|+0.005|+2.56|5,848
9814|BERTAM|0.280|0.000|0.000|0.000|0.00|0
8133|BHIC|1.280|1.290|1.290|+0.010|+0.78|200
7005|BIG|0.455|0.460|0.450|-0.005|-1.10|5,474
5258|BIMB|4.250|4.240|4.240|-0.010|-0.24|11,797
5258WA|BIMB-WA|0.265|0.260|0.255|-0.010|-3.77|9,071
0195|BINACOM|0.405|0.405|0.400|-0.005|-1.23|5,338
6998|BINTAI|0.140|0.000|0.000|0.000|0.00|0
6998WA|BINTAI-WA|0.050|0.050|0.055|+0.005|+10.00|1,087
0179|BIOHLDG|0.200|0.200|0.205|+0.005|+2.50|4,521
0179WA|BIOHLDG-WA|0.085|0.080|0.080|-0.005|-5.88|3,500
7243|BIOOSMO|0.055|0.055|0.060|+0.005|+9.09|17,252
5032|BIPORT|4.650|4.600|4.600|-0.050|-1.08|80
3239|BJASSET|0.305|0.305|0.310|+0.005|+1.64|5,149
3239WB|BJASSET-WB|0.060|0.000|0.000|0.000|0.00|0
3395|BJCORP|0.280|0.280|0.275|-0.005|-1.79|26,492
339510|BJCORP-C10|0.010|0.000|0.000|0.000|0.00|0
339511|BJCORP-C11|0.030|0.000|0.000|0.000|0.00|0
3395LD|BJCORP-LD|0.355|0.355|0.355|0.000|0.00|850
3395LE|BJCORP-LE|0.385|0.000|0.000|0.000|0.00|0
3395WB|BJCORP-WB|0.050|0.050|0.050|0.000|0.00|2,000
3395WC|BJCORP-WC|0.075|0.075|0.075|0.000|0.00|1,400
5196|BJFOOD|1.530|1.520|1.480|-0.050|-3.27|4,834
4219|BJLAND|0.280|0.280|0.280|0.000|0.00|9,178
6025|BJMEDIA|0.210|0.165|0.210|0.000|0.00|104
1562|BJTOTO|2.360|2.400|2.360|0.000|0.00|6,656
1562CW|BJTOTO-CW|0.075|0.075|0.075|0.000|0.00|1,924
1562CX|BJTOTO-CX|0.095|0.000|0.000|0.000|0.00|0
1899|BKAWAN|17.040|17.060|17.060|+0.020|+0.12|216
5069|BLDPLNT|6.960|0.000|0.000|0.000|0.00|0
0508C5|BOC-C5|0.100|0.000|0.000|0.000|0.00|0
0168|BOILERM|0.530|0.530|0.535|+0.005|+0.94|1,780
9288|BONIA|0.255|0.255|0.260|+0.005|+1.96|1,061
7036|BORNOIL|0.045|0.040|0.045|0.000|0.00|48,920
7036WC|BORNOIL-WC|0.020|0.015|0.020|0.000|0.00|3,000
7036WD|BORNOIL-WD|0.020|0.000|0.000|0.000|0.00|0
6297|BOXPAK|1.090|0.000|0.000|0.000|0.00|0
6297WA|BOXPAK-WA|0.175|0.000|0.000|0.000|0.00|0
5254|BPLANT|0.815|0.815|0.815|0.000|0.00|2,830
5100|BPPLAS|1.090|1.080|1.130|+0.040|+3.67|4,442
5932|BPURI|0.195|0.190|0.190|-0.005|-2.56|38,536
9474|BRAHIMS|0.135|0.140|0.140|+0.005|+3.70|15,752
8761|BREM|0.750|0.750|0.750|0.000|0.00|1,097
9938|BRIGHT|0.185|0.180|0.180|-0.005|-2.70|200
7221|BSLCORP|0.345|0.340|0.340|-0.005|-1.45|25
2771|BSTEAD|1.380|1.370|1.350|-0.030|-2.17|1,993
0011|BTECH|0.310|0.310|0.300|-0.010|-3.23|10,166
7188|BTM|0.110|0.110|0.120|+0.010|+9.09|210
7188WA|BTM-WA|0.015|0.000|0.000|0.000|0.00|0
7188WB|BTM-WB|0.040|0.000|0.000|0.000|0.00|0
1818|BURSA|6.980|7.000|7.030|+0.050|+0.72|6,776
181820|BURSA-C20|0.005|0.000|0.000|0.000|0.00|0
181821|BURSA-C21|0.110|0.000|0.000|0.000|0.00|0
181822|BURSA-C22|0.065|0.000|0.000|0.000|0.00|0
181823|BURSA-C23|0.055|0.055|0.050|-0.005|-9.09|14
7174|CAB|0.625|0.625|0.620|-0.005|-0.80|6,070
7174WA|CAB-WA|0.430|0.430|0.425|-0.005|-1.16|166
0191|CABNET|0.295|0.300|0.310|+0.015|+5.08|7,262
0191WA|CABNET-WA|0.055|0.060|0.060|+0.005|+9.09|7,810
7154|CAELY|0.945|0.925|0.950|+0.005|+0.53|869
7154WA|CAELY-WA|0.585|0.000|0.000|0.000|0.00|0
7128|CAMRES|0.250|0.000|0.000|0.000|0.00|0
5105|CANONE|2.770|2.750|2.760|-0.010|-0.36|575
5229|CAP|0.010|0.000|0.000|0.000|0.00|0
0163|CAREPLS|0.175|0.175|0.170|-0.005|-2.86|8,837
5257|CARIMIN|0.820|0.815|0.820|0.000|0.00|265,968
5245|CARING|1.960|1.960|1.940|-0.020|-1.02|180
2836|CARLSBG|26.000|26.000|25.840|-0.160|-0.62|3,899
7076|CBIP|1.040|1.050|1.050|+0.010|+0.96|2,543
7076WA|CBIP-WA|0.010|0.000|0.000|0.000|0.00|0
2925|CCB|1.590|1.550|1.570|-0.020|-1.26|150
7035|CCK|0.650|0.650|0.645|-0.005|-0.77|12,691
7035WA|CCK-WA|0.130|0.130|0.125|-0.005|-3.85|5,739
2879|CCM|1.990|1.990|2.000|+0.010|+0.50|1,785
5195|CENSOF|0.150|0.150|0.150|0.000|0.00|725
5195WB|CENSOF-WB|0.005|0.005|0.005|0.000|0.00|650
8982|CEPAT|0.605|0.600|0.600|-0.005|-0.83|509
8435|CEPCO|0.630|0.000|0.000|0.000|0.00|0
8044|CFM|1.250|0.000|0.000|0.000|0.00|0
0579C1|CGARDEN-C1|0.100|0.000|0.000|0.000|0.00|0
7209|CHEETAH|0.350|0.000|0.000|0.000|0.00|0
7187|CHGP|0.350|0.350|0.350|0.000|0.00|131
7187WA|CHGP-WA|0.205|0.175|0.175|-0.030|-14.63|300
5738|CHHB|1.500|1.500|1.490|-0.010|-0.67|1,200
5738WB|CHHB-WB|0.380|0.380|0.380|0.000|0.00|50
0829EA|CHINAETF-MYR|5.760|5.700|5.610|-0.150|-2.60|416
0829EB|CHINAETF-USD|1.275|0.000|0.000|0.000|0.00|0
5273|CHINHIN|0.795|0.800|0.800|+0.005|+0.63|7,740
1929|CHINTEK|7.000|0.000|0.000|0.000|0.00|0
5007|CHINWEL|1.840|1.810|1.800|-0.040|-2.17|464
0501CG|CHMOBIL-CG|0.145|0.000|0.000|0.000|0.00|0
5797|CHOOBEE|1.590|1.600|1.590|0.000|0.00|165
7016|CHUAN|0.400|0.400|0.395|-0.005|-1.25|295
8052|CICB|0.520|0.590|0.590|+0.070|+13.46|25
2828|CIHLDG|1.450|1.450|1.450|0.000|0.00|43
1023|CIMB|5.450|5.470|5.390|-0.060|-1.10|134,337
102340|CIMB-C40|0.025|0.000|0.000|0.000|0.00|0
102341|CIMB-C41|0.075|0.000|0.000|0.000|0.00|0
102342|CIMB-C42|0.050|0.000|0.000|0.000|0.00|0
102343|CIMB-C43|0.025|0.000|0.000|0.000|0.00|0
102344|CIMB-C44|0.045|0.000|0.000|0.000|0.00|0
102345|CIMB-C45|0.075|0.075|0.070|-0.005|-6.67|13,950
102346|CIMB-C46|0.085|0.000|0.000|0.000|0.00|0
102347|CIMB-C47|0.100|0.080|0.075|-0.025|-25.00|1,990
0822EA|CIMBA40|1.870|0.000|0.000|0.000|0.00|0
0823EA|CIMBC50|1.620|1.605|1.585|-0.035|-2.16|585
7117|CJCEN|0.460|0.460|0.450|-0.010|-2.17|9,774
0514C3|CKHUTCH-C3|0.075|0.000|0.000|0.000|0.00|0
03001|CLOUD|0.300|0.000|0.000|0.000|0.00|0
7018|CME|0.040|0.000|0.000|0.000|0.00|0
7018LA|CME-LA|0.020|0.000|0.000|0.000|0.00|0
7018WA|CME-WA|0.025|0.000|0.000|0.000|0.00|0
5180|CMMT|1.110|1.120|1.120|+0.010|+0.90|1,188
2852|CMSB|3.180|3.180|3.180|0.000|0.00|6,749
285214|CMSB-C14|0.085|0.000|0.000|0.000|0.00|0
285215|CMSB-C15|0.110|0.000|0.000|0.000|0.00|0
7986|CNASIA|0.435|0.000|0.000|0.000|0.00|0
5104|CNI|0.070|0.070|0.070|0.000|0.00|1,986
5188|CNOUHUA|0.050|0.055|0.055|+0.005|+10.00|1,100
5071|COASTAL|1.280|1.270|1.330|+0.050|+3.91|14,646
7205|COCOLND|2.040|0.000|0.000|0.000|0.00|0
7195|COMCORP|0.135|0.130|0.120|-0.015|-11.11|3,552
2127|COMFORT|0.840|0.840|0.840|0.000|0.00|1,496
5136|COMPLET|0.880|0.900|0.870|-0.010|-1.14|895
5037|COMPUGT|0.025|0.025|0.025|0.000|0.00|32,497
0102|CONNECT|0.105|0.105|0.105|0.000|0.00|100
0102PA|CONNECT-PA|0.030|0.030|0.030|0.000|0.00|38,170
0102WA|CONNECT-WA|0.025|0.025|0.025|0.000|0.00|3,195
0102WB|CONNECT-WB|0.025|0.000|0.000|0.000|0.00|0
8591|CRESBLD|0.985|0.995|1.000|+0.015|+1.52|5,232
6718|CRESNDO|1.270|1.270|1.270|0.000|0.00|900
03016|CRG|0.040|0.045|0.045|+0.005|+12.50|1,887
7202|CSCENIC|1.130|1.150|1.130|0.000|0.00|312
5094|CSCSTEL|1.060|1.050|1.070|+0.010|+0.94|1,553
5214|CSL|0.010|0.000|0.000|0.000|0.00|0
0051|CUSCAPI|0.200|0.200|0.195|-0.005|-2.50|45,702
5049|CVIEW|1.510|0.000|0.000|0.000|0.00|0
9423|CWG|0.420|0.000|0.000|0.000|0.00|0
7157|CYL|0.470|0.000|0.000|0.000|0.00|0
5082|CYMAO|0.345|0.000|0.000|0.000|0.00|0
5184|CYPARK|1.730|1.760|1.700|-0.030|-1.73|6,556
7204|D&O|0.710|0.710|0.710|0.000|0.00|66,226
8125|DAIBOCI|1.570|1.580|1.580|+0.010|+0.64|6,661
8125WB|DAIBOCI-WB|0.115|0.115|0.115|0.000|0.00|2,522
5355|DAIMAN|2.990|0.000|0.000|0.000|0.00|0
5276|DANCO|0.565|0.565|0.595|+0.030|+5.31|81,222
5276WA|DANCO-WA|0.290|0.290|0.340|+0.050|+17.24|49,656
8338|DATAPRP|0.215|0.215|0.210|-0.005|-2.33|5,612
0091|DAYA|0.005|0.005|0.005|0.000|0.00|29,249
5141|DAYANG|1.400|1.410|1.580|+0.180|+12.86|929,577
7179|DBE|0.030|0.030|0.030|0.000|0.00|13,077
7179WB|DBE-WB|0.010|0.005|0.010|0.000|0.00|6,510
3484|DBHD|0.495|0.485|0.460|-0.035|-7.07|53,617
3484WA|DBHD-WA|0.100|0.100|0.090|-0.010|-10.00|5,955
7119|DEGEM|1.050|0.000|0.000|0.000|0.00|0
5132|DELEUM|1.130|1.130|1.120|-0.010|-0.88|6,644
7212|DESTINI|0.235|0.235|0.225|-0.010|-4.26|50,001
0152|DGB|0.125|0.125|0.130|+0.005|+4.00|982
0152WB|DGB-WB|0.030|0.035|0.035|+0.005|+16.67|1
0131|DGSB|0.085|0.085|0.090|+0.005|+5.88|7,366
7277|DIALOG|3.200|3.180|3.180|-0.020|-0.63|27,324
727733|DIALOG-C33|0.005|0.005|0.005|0.000|0.00|500
727735|DIALOG-C35|0.005|0.000|0.000|0.000|0.00|0
727736|DIALOG-C36|0.055|0.000|0.000|0.000|0.00|0
727737|DIALOG-C37|0.045|0.000|0.000|0.000|0.00|0
727738|DIALOG-C38|0.040|0.000|0.000|0.000|0.00|0
727739|DIALOG-C39|0.050|0.000|0.000|0.000|0.00|0
727740|DIALOG-C40|0.120|0.110|0.110|-0.010|-8.33|5,800
727741|DIALOG-C41|0.100|0.100|0.100|0.000|0.00|38,650
727742|DIALOG-C42|0.135|0.000|0.000|0.000|0.00|0
727743|DIALOG-C43|0.150|0.000|0.000|0.000|0.00|0
727744|DIALOG-C44|0.150|0.075|0.070|-0.080|-53.33|1,004
6947|DIGI|4.560|4.570|4.560|0.000|0.00|29,419
694724|DIGI-C24|0.040|0.000|0.000|0.000|0.00|0
694725|DIGI-C25|0.105|0.000|0.000|0.000|0.00|0
694726|DIGI-C26|0.115|0.000|0.000|0.000|0.00|0
694727|DIGI-C27|0.105|0.105|0.105|0.000|0.00|1,000
694728|DIGI-C28|0.050|0.050|0.050|0.000|0.00|3,800
0029|DIGISTA|0.050|0.045|0.045|-0.005|-10.00|1,125
0029WB|DIGISTA-WB|0.020|0.015|0.015|-0.005|-25.00|4
0400GA|DIN040000223|98.400|99.000|99.500|+1.100|+1.12|13
0400GC|DIN042300721|98.860|100.500|100.500|+1.640|+1.66|3
0400GB|DIN045801028|99.000|100.700|100.700|+1.700|+1.72|3
7528|DKLS|1.770|1.720|1.710|-0.060|-3.39|173
5908|DKSH|2.490|2.490|2.470|-0.020|-0.80|619
3026|DLADY|64.200|64.000|63.900|-0.300|-0.47|12
4456|DNEX|0.295|0.295|0.290|-0.005|-1.69|63,948
4456WD|DNEX-WD|0.075|0.075|0.070|-0.005|-6.67|9,012
7114|DNONCE|0.470|0.465|0.465|-0.005|-1.06|1,310
7114WA|DNONCE-WA|0.200|0.190|0.210|+0.010|+5.00|1,732
5835|DOLMITE|0.110|0.110|0.110|0.000|0.00|200
5265|DOLPHIN|0.150|0.150|0.150|0.000|0.00|16,258
5265WA|DOLPHIN-WA|0.030|0.035|0.035|+0.005|+16.67|100
7169|DOMINAN|1.260|1.260|1.260|0.000|0.00|687
7169WA|DOMINAN-WA|0.080|0.000|0.000|0.000|0.00|0
7148|DPHARMA|1.130|1.140|1.110|-0.020|-1.77|10,569
0205|DPIH|0.225|0.220|0.220|-0.005|-2.22|3,425
7198|DPS|0.065|0.000|0.000|0.000|0.00|0
7198WB|DPS-WB|0.030|0.025|0.030|0.000|0.00|1,001
1619|DRBHCOM|1.860|1.850|1.860|0.000|0.00|4,288
161960|DRBHCOMC60|0.025|0.025|0.025|0.000|0.00|2,510
161962|DRBHCOMC62|0.005|0.000|0.000|0.000|0.00|0
161963|DRBHCOMC63|0.055|0.000|0.000|0.000|0.00|0
161964|DRBHCOMC64|0.005|0.000|0.000|0.000|0.00|0
161966|DRBHCOMC66|0.005|0.000|0.000|0.000|0.00|0
161967|DRBHCOMC67|0.020|0.015|0.015|-0.005|-25.00|1,250
161968|DRBHCOMC68|0.090|0.090|0.085|-0.005|-5.56|1,500
161969|DRBHCOMC69|0.125|0.000|0.000|0.000|0.00|0
161970|DRBHCOMC70|0.145|0.145|0.140|-0.005|-3.45|4,575
161971|DRBHCOMC71|0.125|0.120|0.120|-0.005|-4.00|300
161972|DRBHCOMC72|0.125|0.000|0.000|0.000|0.00|0
161973|DRBHCOMC73|0.100|0.000|0.000|0.000|0.00|0
161974|DRBHCOMC74|0.090|0.085|0.085|-0.005|-5.56|100
161975|DRBHCOMC75|0.150|0.000|0.000|0.000|0.00|0
5216|DSONIC|0.500|0.505|0.495|-0.005|-1.00|82,467
5216WA|DSONIC-WA|0.085|0.085|0.085|0.000|0.00|20,463
7233|DUFU|1.630|1.630|1.630|0.000|0.00|13,669
3948|DUTALND|0.495|0.500|0.495|0.000|0.00|2,695
5178|DYNACIA|0.095|0.095|0.095|0.000|0.00|23,317
5178PA|DYNACIA-PA|0.050|0.000|0.000|0.000|0.00|0
5178WA|DYNACIA-WA|0.040|0.040|0.040|0.000|0.00|500
3417|E&O|0.875|0.875|0.860|-0.015|-1.71|41,091
341713|E&O-C13|0.105|0.100|0.100|-0.005|-4.76|200
3417WB|E&O-WB|0.005|0.000|0.000|0.000|0.00|0
0154|EAH|0.015|0.015|0.015|0.000|0.00|9,141
0154WC|EAH-WC|0.005|0.000|0.000|0.000|0.00|0
0154WD|EAH-WD|0.005|0.010|0.010|+0.005|+100.00|1,900
0154WE|EAH-WE|0.010|0.005|0.010|0.000|0.00|203
2097|EASTLND|0.105|0.105|0.100|-0.005|-4.76|5,850
5259|EATECH|0.430|0.430|0.425|-0.005|-1.16|15,802
2143|ECM|0.320|0.275|0.275|-0.045|-14.06|7
3557|ECOFIRS|0.295|0.300|0.295|0.000|0.00|16,640
3557WC|ECOFIRS-WC|0.020|0.015|0.020|0.000|0.00|502
0059|ECOHLDS|0.270|0.270|0.270|0.000|0.00|800
5253|ECONBHD|0.465|0.465|0.475|+0.010|+2.15|291,017
5253WA|ECONBHD-WA|0.120|0.120|0.120|0.000|0.00|18,173
8206|ECOWLD|0.950|0.955|0.940|-0.010|-1.05|2,251
8206CQ|ECOWLD-CQ|0.005|0.000|0.000|0.000|0.00|0
8206CS|ECOWLD-CS|0.035|0.000|0.000|0.000|0.00|0
8206CT|ECOWLD-CT|0.150|0.000|0.000|0.000|0.00|0
8206WA|ECOWLD-WA|0.185|0.185|0.185|0.000|0.00|100
5036|EDARAN|0.570|0.565|0.565|-0.005|-0.88|1,955
7471|EDEN|0.115|0.115|0.120|+0.005|+4.35|21,990
7471WB|EDEN-WB|0.050|0.045|0.040|-0.010|-20.00|511
1368|EDGENTA|2.900|2.910|2.910|+0.010|+0.34|130
0107|EDUSPEC|0.030|0.025|0.030|0.000|0.00|4,681
0064|EFFICEN|0.175|0.180|0.180|+0.005|+2.86|400
0065|EFORCE|0.505|0.505|0.490|-0.015|-2.97|24,434
0065WA|EFORCE-WA|0.155|0.145|0.145|-0.010|-6.45|5,096
8907|EG|0.470|0.470|0.465|-0.005|-1.06|1,561
8907PA|EG-PA|0.455|0.455|0.465|+0.010|+2.20|89
8907WC|EG-WC|0.140|0.135|0.135|-0.005|-3.57|1,411
5081|EIG|0.655|0.000|0.000|0.000|0.00|0
5208|EITA|1.370|1.360|1.360|-0.010|-0.73|2
7182|EKA|0.065|0.065|0.070|+0.005|+7.69|3,000
8877|EKOVEST|0.580|0.580|0.585|+0.005|+0.86|155,944
8877CQ|EKOVEST-CQ|0.010|0.000|0.000|0.000|0.00|0
8877CR|EKOVEST-CR|0.005|0.000|0.000|0.000|0.00|0
8877CS|EKOVEST-CS|0.050|0.000|0.000|0.000|0.00|0
8877CT|EKOVEST-CT|0.065|0.065|0.060|-0.005|-7.69|18,673
8877WB|EKOVEST-WB|0.105|0.105|0.105|0.000|0.00|58,809
9016|EKSONS|0.805|0.820|0.820|+0.015|+1.86|20
5228|ELKDESA|1.360|1.370|1.430|+0.070|+5.15|7,657
5228LA|ELKDESA-LA|1.080|0.000|0.000|0.000|0.00|0
0090|ELSOFT|1.020|1.020|1.020|0.000|0.00|8,943
7217|EMETALL|0.395|0.395|0.390|-0.005|-1.27|1,400
9091|EMICO|0.165|0.170|0.170|+0.005|+3.03|1
6076|ENCORP|0.390|0.365|0.385|-0.005|-1.28|105
7149|ENGKAH|0.990|1.050|1.050|+0.060|+6.06|1
5056|ENGTEX|0.790|0.795|0.790|0.000|0.00|3,130
8613|ENRA|1.550|0.000|0.000|0.000|0.00|0
7773|EPMB|0.400|0.000|0.000|0.000|0.00|0
0190|ESAFE|0.220|0.220|0.220|0.000|0.00|550
0100|ESCERAM|0.145|0.160|0.155|+0.010|+6.90|430
03021|ETH|0.165|0.165|0.165|0.000|0.00|1,000
6815|EUPE|0.650|0.645|0.650|0.000|0.00|1,789
7208|EURO|0.140|0.135|0.135|-0.005|-3.57|2,745
7094|EUROSP|0.405|0.000|0.000|0.000|0.00|0
5101|EVERGRN|0.375|0.375|0.375|0.000|0.00|4,055
7249|EWEIN|0.620|0.620|0.615|-0.005|-0.81|6,434
5283|EWINT|0.750|0.750|0.760|+0.010|+1.33|3,203
5283WA|EWINT-WA|0.145|0.145|0.150|+0.005|+3.45|9,865
3689|F&N|35.000|35.000|34.960|-0.040|-0.11|1,939
2984|FACBIND|1.310|0.000|0.000|0.000|0.00|0
7047|FAJAR|0.395|0.395|0.400|+0.005|+1.27|19,419
7047WB|FAJAR-WB|0.035|0.030|0.040|+0.005|+14.29|9,703
5029|FAREAST|2.780|0.000|0.000|0.000|0.00|0
6041|FARLIM|0.365|0.000|0.000|0.000|0.00|0
7229|FAVCO|2.800|2.800|2.830|+0.030|+1.07|4,440
06505D|FBMKLCI-C5D|0.085|0.000|0.000|0.000|0.00|0
06505I|FBMKLCI-C5I|0.005|0.000|0.000|0.000|0.00|0
06505J|FBMKLCI-C5J|0.040|0.000|0.000|0.000|0.00|0
06505K|FBMKLCI-C5K|0.010|0.005|0.005|-0.005|-50.00|700
06505L|FBMKLCI-C5L|0.070|0.000|0.000|0.000|0.00|0
06505M|FBMKLCI-C5M|0.130|0.000|0.000|0.000|0.00|0
06505N|FBMKLCI-C5N|0.055|0.050|0.045|-0.010|-18.18|1,700
06505O|FBMKLCI-C5O|0.045|0.040|0.040|-0.005|-11.11|500
06505P|FBMKLCI-C5P|0.205|0.190|0.190|-0.015|-7.32|1,800
06505Q|FBMKLCI-C5Q|0.300|0.285|0.290|-0.010|-3.33|3,300
06505R|FBMKLCI-C5R|0.060|0.060|0.055|-0.005|-8.33|150
06505S|FBMKLCI-C5S|0.170|0.160|0.160|-0.010|-5.88|2,000
06505T|FBMKLCI-C5T|0.255|0.245|0.245|-0.010|-3.92|3
06505U|FBMKLCI-C5U|0.150|0.000|0.000|0.000|0.00|0
06505V|FBMKLCI-C5V|0.060|0.055|0.055|-0.005|-8.33|1,500
06505W|FBMKLCI-C5W|0.150|0.000|0.000|0.000|0.00|0
0820EA|FBMKLCI-EA|1.780|1.780|1.780|0.000|0.00|10
06506F|FBMKLCI-H6F|0.025|0.000|0.000|0.000|0.00|0
06506K|FBMKLCI-H6K|0.195|0.000|0.000|0.000|0.00|0
06506L|FBMKLCI-H6L|0.125|0.130|0.130|+0.005|+4.00|150
06506M|FBMKLCI-H6M|0.180|0.185|0.185|+0.005|+2.78|100
06506N|FBMKLCI-H6N|0.210|0.000|0.000|0.000|0.00|0
06506O|FBMKLCI-H6O|0.330|0.000|0.000|0.000|0.00|0
06506P|FBMKLCI-H6P|0.055|0.050|0.060|+0.005|+9.09|17,251
06506Q|FBMKLCI-H6Q|0.090|0.090|0.110|+0.020|+22.22|3,071
06506R|FBMKLCI-H6R|0.240|0.000|0.000|0.000|0.00|0
06506S|FBMKLCI-H6S|0.360|0.365|0.365|+0.005|+1.39|8,000
06506T|FBMKLCI-H6T|0.095|0.095|0.100|+0.005|+5.26|1,300
06506U|FBMKLCI-H6U|0.255|0.000|0.000|0.000|0.00|0
06506V|FBMKLCI-H6V|0.255|0.000|0.000|0.000|0.00|0
06506W|FBMKLCI-H6W|0.150|0.150|0.150|0.000|0.00|1,150
06506X|FBMKLCI-H6X|0.115|0.120|0.115|0.000|0.00|1,330
06506Y|FBMKLCI-H6Y|0.150|0.000|0.000|0.000|0.00|0
2755|FCW|1.020|1.020|1.020|0.000|0.00|35
5222|FGV|1.170|1.170|1.160|-0.010|-0.85|141,232
522255|FGV-C55|0.015|0.000|0.000|0.000|0.00|0
522256|FGV-C56|0.005|0.000|0.000|0.000|0.00|0
522257|FGV-C57|0.005|0.000|0.000|0.000|0.00|0
522258|FGV-C58|0.005|0.010|0.010|+0.005|+100.00|1,000
522259|FGV-C59|0.035|0.000|0.000|0.000|0.00|0
522260|FGV-C60|0.010|0.000|0.000|0.000|0.00|0
522261|FGV-C61|0.035|0.000|0.000|0.000|0.00|0
522262|FGV-C62|0.095|0.095|0.090|-0.005|-5.26|11,006
522263|FGV-C63|0.180|0.170|0.170|-0.010|-5.56|32,607
522264|FGV-C64|0.240|0.000|0.000|0.000|0.00|0
522265|FGV-C65|0.185|0.190|0.180|-0.005|-2.70|11,505
522266|FGV-C66|0.310|0.000|0.000|0.000|0.00|0
522267|FGV-C67|0.425|0.420|0.420|-0.005|-1.18|426
522268|FGV-C68|0.200|0.000|0.000|0.000|0.00|0
522269|FGV-C69|0.120|0.125|0.120|0.000|0.00|25,012
522270|FGV-C70|0.110|0.000|0.000|0.000|0.00|0
522271|FGV-C71|0.050|0.050|0.050|0.000|0.00|5,110
522272|FGV-C72|0.045|0.045|0.045|0.000|0.00|4,600
522273|FGV-C73|0.090|0.090|0.090|0.000|0.00|53,000
6939|FIAMMA|0.515|0.515|0.520|+0.005|+0.97|1,786
0149|FIBON|0.450|0.450|0.465|+0.015|+3.33|326
8605|FIHB|0.410|0.410|0.405|-0.005|-1.22|2,532
8605PA|FIHB-PA|0.085|0.000|0.000|0.000|0.00|0
8605PB|FIHB-PB|0.080|0.000|0.000|0.000|0.00|0
3107|FIMACOR|1.950|1.970|1.930|-0.020|-1.03|38
0150|FINTEC|0.050|0.055|0.050|0.000|0.00|1,010
0150PA|FINTEC-PA|0.025|0.025|0.025|0.000|0.00|4,098
0150WA|FINTEC-WA|0.015|0.000|0.000|0.000|0.00|0
0150WB|FINTEC-WB|0.020|0.000|0.000|0.000|0.00|0
9318|FITTERS|0.515|0.520|0.515|0.000|0.00|59,227
9318WB|FITTERS-WB|0.030|0.025|0.030|0.000|0.00|16,341
5197|FLBHD|1.710|1.710|1.670|-0.040|-2.34|8,214
0116|FOCUS|0.130|0.130|0.135|+0.005|+3.85|54,993
0116WC|FOCUS-WC|0.095|0.000|0.000|0.000|0.00|0
0157|FOCUSP|0.400|0.395|0.400|0.000|0.00|9,447
5277|FPGROUP|0.315|0.320|0.315|0.000|0.00|57,092
9172|FPI|1.830|1.830|1.820|-0.010|-0.55|2,218
7210|FREIGHT|0.565|0.565|0.570|+0.005|+0.88|2,957
0128|FRONTKN|0.960|0.955|1.000|+0.040|+4.17|162,298
9377|FSBM|0.095|0.000|0.000|0.000|0.00|0
9377WA|FSBM-WA|0.025|0.000|0.000|0.000|0.00|0
7184|G3|0.800|0.770|0.770|-0.030|-3.75|300
7184WA|G3-WA|0.770|0.000|0.000|0.000|0.00|0
9261|GADANG|0.605|0.610|0.610|+0.005|+0.83|22,722
9261WB|GADANG-WB|0.135|0.135|0.140|+0.005|+3.70|8,358
5398|GAMUDA|2.990|2.980|2.980|-0.010|-0.33|39,390
539851|GAMUDA-C51|0.015|0.000|0.000|0.000|0.00|0
539853|GAMUDA-C53|0.005|0.000|0.000|0.000|0.00|0
539856|GAMUDA-C56|0.030|0.000|0.000|0.000|0.00|0
539857|GAMUDA-C57|0.050|0.050|0.050|0.000|0.00|420
539858|GAMUDA-C58|0.085|0.000|0.000|0.000|0.00|0
539859|GAMUDA-C59|0.195|0.190|0.185|-0.010|-5.13|1,200
539860|GAMUDA-C60|0.120|0.120|0.120|0.000|0.00|2,000
539861|GAMUDA-C61|0.095|0.090|0.090|-0.005|-5.26|7,050
539862|GAMUDA-C62|0.115|0.110|0.110|-0.005|-4.35|200
539863|GAMUDA-C63|0.120|0.115|0.120|0.000|0.00|9,225
5398WE|GAMUDA-WE|0.235|0.230|0.230|-0.005|-2.13|7,282
5209|GASMSIA|2.800|2.780|2.810|+0.010|+0.36|4,469
5226|GBGAQRS|1.200|1.220|1.220|+0.020|+1.67|55,082
5226WB|GBGAQRS-WB|0.280|0.285|0.305|+0.025|+8.93|96,218
5102|GCB|3.750|3.710|3.720|-0.030|-0.80|2,272
5102CA|GCB-CA|0.290|0.290|0.285|-0.005|-1.72|1,030
5102CB|GCB-CB|0.195|0.190|0.190|-0.005|-2.56|2,399
5102CC|GCB-CC|0.150|0.155|0.155|+0.005|+3.33|400
5592|GCE|0.460|0.000|0.000|0.000|0.00|0
0198|GDB|0.260|0.255|0.260|0.000|0.00|5,399
0078|GDEX|0.350|0.355|0.345|-0.005|-1.43|179,079
0078WB|GDEX-WB|0.060|0.060|0.060|0.000|0.00|56,285
0580C1|GEELY-C1|0.075|0.060|0.060|-0.015|-20.00|200
0104|GENETEC|1.770|1.770|1.770|0.000|0.00|1,454
4715|GENM|3.430|3.430|3.440|+0.010|+0.29|52,822
471538|GENM-C38|0.005|0.000|0.000|0.000|0.00|0
471540|GENM-C40|0.150|0.000|0.000|0.000|0.00|0
471541|GENM-C41|0.005|0.000|0.000|0.000|0.00|0
471542|GENM-C42|0.045|0.000|0.000|0.000|0.00|0
471543|GENM-C43|0.050|0.000|0.000|0.000|0.00|0
471544|GENM-C44|0.075|0.000|0.000|0.000|0.00|0
471545|GENM-C45|0.155|0.000|0.000|0.000|0.00|0
471546|GENM-C46|0.135|0.000|0.000|0.000|0.00|0
471547|GENM-C47|0.135|0.000|0.000|0.000|0.00|0
471548|GENM-C48|0.125|0.000|0.000|0.000|0.00|0
471549|GENM-C49|0.195|0.195|0.195|0.000|0.00|6,600
471550|GENM-C50|0.180|0.180|0.180|0.000|0.00|204
471551|GENM-C51|0.135|0.135|0.135|0.000|0.00|50,830
471552|GENM-C52|0.205|0.000|0.000|0.000|0.00|0
471553|GENM-C53|0.125|0.130|0.130|+0.005|+4.00|3,800
471554|GENM-C54|0.150|0.000|0.000|0.000|0.00|0
2291|GENP|10.400|10.400|10.400|0.000|0.00|984
2291WA|GENP-WA|2.410|2.410|2.500|+0.090|+3.73|429
3182|GENTING|7.120|7.150|7.050|-0.070|-0.98|15,901
318251|GENTINGC51|0.005|0.000|0.000|0.000|0.00|0
318255|GENTINGC55|0.050|0.000|0.000|0.000|0.00|0
318256|GENTINGC56|0.030|0.000|0.000|0.000|0.00|0
318257|GENTINGC57|0.110|0.110|0.105|-0.005|-4.55|6,500
318258|GENTINGC58|0.080|0.080|0.075|-0.005|-6.25|2,700
318259|GENTINGC59|0.120|0.000|0.000|0.000|0.00|0
318260|GENTINGC60|0.150|0.000|0.000|0.000|0.00|0
318261|GENTINGC61|0.135|0.135|0.130|-0.005|-3.70|4,800
318262|GENTINGC62|0.170|0.000|0.000|0.000|0.00|0
318263|GENTINGC63|0.160|0.155|0.155|-0.005|-3.13|23,968
318264|GENTINGC64|0.090|0.000|0.000|0.000|0.00|0
7197|GESHEN|0.650|0.650|0.630|-0.020|-3.08|746
5079|GETS|0.120|0.120|0.120|0.000|0.00|210
0039|GFM|0.490|0.485|0.495|+0.005|+1.02|12,882
0039WC|GFM-WC|0.190|0.185|0.190|0.000|0.00|34,282
0021|GHLSYS|1.650|1.650|1.650|0.000|0.00|2,370
0021CA|GHLSYS-CA|0.110|0.000|0.000|0.000|0.00|0
3204|GKENT|1.110|1.120|1.200|+0.090|+8.11|291,152
7382|GLBHD|0.385|0.395|0.395|+0.010|+2.60|75
5020|GLOMAC|0.375|0.375|0.375|0.000|0.00|719
5220|GLOTEC|0.460|0.465|0.470|+0.010|+2.17|13,699
5220WA|GLOTEC-WA|0.080|0.075|0.075|-0.005|-6.25|876
9962|GMUTUAL|0.295|0.000|0.000|0.000|0.00|0
0045|GNB|0.050|0.050|0.050|0.000|0.00|300
1147|GOB|0.180|0.180|0.185|+0.005|+2.78|100
1147WA|GOB-WA|0.010|0.000|0.000|0.000|0.00|0
0074|GOCEAN|0.095|0.100|0.115|+0.020|+21.05|4,038
0074WA|GOCEAN-WA|0.005|0.005|0.005|0.000|0.00|1,000
0828EA|GOLDETF|1.730|0.000|0.000|0.000|0.00|0
7192|GOODWAY|0.210|0.205|0.220|+0.010|+4.76|6,202
2135|GOPENG|0.680|0.000|0.000|0.000|0.00|0
7096|GPA|0.090|0.085|0.115|+0.025|+27.78|71,461
7096WA|GPA-WA|0.020|0.020|0.030|+0.010|+50.00|157,220
0082|GPACKET|0.330|0.320|0.315|-0.015|-4.55|5,595
0082WB|GPACKET-WB|0.090|0.080|0.080|-0.010|-11.11|3,340
5649|GPHAROS|0.210|0.200|0.205|-0.005|-2.38|1,970
0056|GRANFLO|0.205|0.205|0.205|0.000|0.00|460
0136|GREENYB|0.135|0.125|0.130|-0.005|-3.70|2,135
7077|GSB|0.180|0.185|0.190|+0.010|+5.56|21,650
7022|GTRONIC|1.930|1.930|1.900|-0.030|-1.55|7,960
7022CR|GTRONIC-CR|0.005|0.000|0.000|0.000|0.00|0
7022CS|GTRONIC-CS|0.005|0.000|0.000|0.000|0.00|0
7022CT|GTRONIC-CT|0.005|0.000|0.000|0.000|0.00|0
7022CU|GTRONIC-CU|0.030|0.000|0.000|0.000|0.00|0
7022CV|GTRONIC-CV|0.100|0.100|0.100|0.000|0.00|1
7022CW|GTRONIC-CW|0.060|0.000|0.000|0.000|0.00|0
3247|GUH|0.520|0.505|0.510|-0.010|-1.92|767
7676|GUNUNG|0.305|0.295|0.290|-0.015|-4.92|1,750
7676WB|GUNUNG-WB|0.045|0.045|0.045|0.000|0.00|1,800
1503|GUOCO|0.780|0.760|0.750|-0.030|-3.85|995
7668|HAIO|2.800|2.780|2.790|-0.010|-0.36|868
7668CG|HAIO-CG|0.075|0.000|0.000|0.000|0.00|0
5151|HALEX|0.750|0.000|0.000|0.000|0.00|0
7253|HANDAL|0.345|0.340|0.335|-0.010|-2.90|1,235
3034|HAPSENG|9.880|9.820|9.820|-0.060|-0.61|4,744
3034CX|HAPSENG-CX|0.040|0.000|0.000|0.000|0.00|0
2062|HARBOUR|0.685|0.675|0.675|-0.010|-1.46|66
2062WC|HARBOUR-WC|0.120|0.000|0.000|0.000|0.00|0
5008|HARISON|3.810|0.000|0.000|0.000|0.00|0
7501|HARNLEN|0.675|0.650|0.650|-0.025|-3.70|270
5168|HARTA|4.960|5.000|4.990|+0.030|+0.60|25,697
516811|HARTA-C11|0.005|0.000|0.000|0.000|0.00|0
516815|HARTA-C15|0.020|0.000|0.000|0.000|0.00|0
516816|HARTA-C16|0.005|0.000|0.000|0.000|0.00|0
516817|HARTA-C17|0.025|0.000|0.000|0.000|0.00|0
516818|HARTA-C18|0.005|0.000|0.000|0.000|0.00|0
516819|HARTA-C19|0.055|0.000|0.000|0.000|0.00|0
516820|HARTA-C20|0.080|0.000|0.000|0.000|0.00|0
516821|HARTA-C21|0.090|0.090|0.090|0.000|0.00|400
516822|HARTA-C22|0.085|0.080|0.085|0.000|0.00|1,106
5187|HBGLOB|0.120|0.120|0.115|-0.005|-4.17|5,600
7105|HCK|1.240|0.000|0.000|0.000|0.00|0
7105WA|HCK-WA|0.295|0.000|0.000|0.000|0.00|0
3255|HEIM|22.920|22.720|22.960|+0.040|+0.17|1,055
5121|HEKTAR|1.170|1.160|1.160|-0.010|-0.85|1,276
4324|HENGYUAN|6.250|6.250|6.160|-0.090|-1.44|3,863
4324C1|HENGYUAN-C1|0.020|0.000|0.000|0.000|0.00|0
4324C2|HENGYUAN-C2|0.010|0.000|0.000|0.000|0.00|0
4324C4|HENGYUAN-C4|0.030|0.000|0.000|0.000|0.00|0
4324C5|HENGYUAN-C5|0.035|0.000|0.000|0.000|0.00|0
4324C6|HENGYUAN-C6|0.060|0.000|0.000|0.000|0.00|0
4324C7|HENGYUAN-C7|0.240|0.225|0.215|-0.025|-10.42|2,650
4324C8|HENGYUAN-C8|0.135|0.130|0.130|-0.005|-3.70|300
4324CZ|HENGYUAN-CZ|0.035|0.000|0.000|0.000|0.00|0
5095|HEVEA|0.655|0.660|0.645|-0.010|-1.53|11,902
5095WB|HEVEA-WB|0.470|0.420|0.470|0.000|0.00|222
3298|HEXZA|0.695|0.700|0.700|+0.005|+0.72|200
0175|HHGROUP|0.125|0.115|0.120|-0.005|-4.00|1,323
0160|HHHCORP|0.095|0.000|0.000|0.000|0.00|0
5072|HIAPTEK|0.300|0.295|0.290|-0.010|-3.33|22,746
5072LA|HIAPTEK-LA|0.305|0.000|0.000|0.000|0.00|0
5072WB|HIAPTEK-WB|0.090|0.085|0.085|-0.005|-5.56|4,670
5199|HIBISCS|1.040|1.040|1.030|-0.010|-0.96|127,592
5199CK|HIBISCS-CK|0.005|0.005|0.005|0.000|0.00|1,342
5199CM|HIBISCS-CM|0.095|0.000|0.000|0.000|0.00|0
5199CN|HIBISCS-CN|0.100|0.000|0.000|0.000|0.00|0
5199CO|HIBISCS-CO|0.080|0.000|0.000|0.000|0.00|0
5199CP|HIBISCS-CP|0.055|0.055|0.055|0.000|0.00|400
5199CQ|HIBISCS-CQ|0.125|0.125|0.125|0.000|0.00|6,000
5199CR|HIBISCS-CR|0.115|0.110|0.110|-0.005|-4.35|4,402
5199CS|HIBISCS-CS|0.110|0.000|0.000|0.000|0.00|0
5199CT|HIBISCS-CT|0.150|0.145|0.145|-0.005|-3.33|200
5199CU|HIBISCS-CU|0.095|0.090|0.090|-0.005|-5.26|52,502
5199CV|HIBISCS-CV|0.090|0.000|0.000|0.000|0.00|0
5199CW|HIBISCS-CW|0.150|0.000|0.000|0.000|0.00|0
5199WC|HIBISCS-WC|0.475|0.470|0.465|-0.010|-2.11|64,659
7033|HIGHTEC|1.280|0.000|0.000|0.000|0.00|0
8443|HIL|0.525|0.530|0.545|+0.020|+3.81|6,772
8443WB|HIL-WB|0.220|0.000|0.000|0.000|0.00|0
0505CF|HKEX-CF|0.435|0.000|0.000|0.000|0.00|0
5819|HLBANK|21.300|21.380|21.240|-0.060|-0.28|14,557
5819CN|HLBANK-CN|0.060|0.000|0.000|0.000|0.00|0
5819CO|HLBANK-CO|0.160|0.000|0.000|0.000|0.00|0
5274|HLCAP|9.600|0.000|0.000|0.000|0.00|0
1082|HLFG|19.500|19.680|19.500|0.000|0.00|5,353
3301|HLIND|9.900|9.940|9.890|-0.010|-0.10|370
0188|HLT|0.135|0.135|0.135|0.000|0.00|482
0188WA|HLT-WA|0.050|0.000|0.000|0.000|0.00|0
5169|HOHUP|0.385|0.385|0.385|0.000|0.00|180
5165|HOKHENG|0.540|0.550|0.560|+0.020|+3.70|170
5160|HOMERIZ|0.615|0.615|0.615|0.000|0.00|264
5160WA|HOMERIZ-WA|0.075|0.000|0.000|0.000|0.00|0
7010|HOOVER|0.595|0.560|0.600|+0.005|+0.84|58
06513U|HSI-C3U|0.045|0.000|0.000|0.000|0.00|0
06513V|HSI-C3V|0.120|0.100|0.075|-0.045|-37.50|214,852
06513W|HSI-C3W|0.400|0.355|0.260|-0.140|-35.00|548,998
06513X|HSI-C3X|0.900|0.785|0.710|-0.190|-21.11|4,677
06513Y|HSI-C3Y|0.110|0.000|0.000|0.000|0.00|0
06513Z|HSI-C3Z|0.190|0.175|0.140|-0.050|-26.32|106,181
06515A|HSI-C5A|0.400|0.370|0.315|-0.085|-21.25|553,262
06515B|HSI-C5B|0.700|0.680|0.560|-0.140|-20.00|47,185
06515C|HSI-C5C|0.215|0.200|0.170|-0.045|-20.93|59,444
06515D|HSI-C5D|0.355|0.330|0.290|-0.065|-18.31|189,328
06515E|HSI-C5E|0.665|0.585|0.530|-0.135|-20.30|74,306
06515F|HSI-C5F|0.995|0.880|0.840|-0.155|-15.58|1,470
06515G|HSI-C5G|0.530|0.470|0.430|-0.100|-18.87|10,765
06515H|HSI-C5H|0.830|0.725|0.685|-0.145|-17.47|354
06515I|HSI-C5I|1.080|1.060|1.080|0.000|0.00|500
06515J|HSI-C5J|0.680|0.600|0.555|-0.125|-18.38|86,320
06515K|HSI-C5K|1.020|0.000|0.000|0.000|0.00|0
06515L|HSI-C5L|1.340|0.000|0.000|0.000|0.00|0
06515M|HSI-C5M|1.920|1.750|1.680|-0.240|-12.50|19
06514V|HSI-H4V|0.005|0.005|0.005|0.000|0.00|13,050
06514W|HSI-H4W|0.005|0.005|0.005|0.000|0.00|13,252
06514X|HSI-H4X|0.015|0.020|0.030|+0.015|+100.00|75,514
06514Y|HSI-H4Y|0.080|0.090|0.120|+0.040|+50.00|356,943
06514Z|HSI-H4Z|0.020|0.020|0.020|0.000|0.00|12,954
06516A|HSI-H6A|0.025|0.025|0.040|+0.015|+60.00|42,506
06516B|HSI-H6B|0.075|0.085|0.090|+0.015|+20.00|5,810
06516C|HSI-H6C|0.145|0.160|0.190|+0.045|+31.03|62,789
06516D|HSI-H6D|0.115|0.120|0.120|+0.005|+4.35|435
06516E|HSI-H6E|0.170|0.190|0.215|+0.045|+26.47|7,650
06516F|HSI-H6F|0.310|0.330|0.365|+0.055|+17.74|220,147
06516G|HSI-H6G|0.535|0.560|0.620|+0.085|+15.89|168,876
06516H|HSI-H6H|0.125|0.130|0.135|+0.010|+8.00|1,580
06516I|HSI-H6I|0.185|0.215|0.230|+0.045|+24.32|1,070
06516J|HSI-H6J|0.315|0.335|0.365|+0.050|+15.87|4,887
06516K|HSI-H6K|0.090|0.000|0.000|0.000|0.00|0
06516L|HSI-H6L|0.140|0.160|0.160|+0.020|+14.29|25
06516M|HSI-H6M|0.205|0.235|0.260|+0.055|+26.83|13,620
06516N|HSI-H6N|0.335|0.350|0.395|+0.060|+17.91|9,326
6238|HSL|1.480|1.430|1.440|-0.040|-2.70|93
5138|HSPLANT|1.860|1.870|1.870|+0.010|+0.54|25
0185|HSSEB|1.080|1.100|1.070|-0.010|-0.93|8,221
0185WA|HSSEB-WA|0.210|0.210|0.210|0.000|0.00|1,000
5028|HTPADU|0.745|0.730|0.730|-0.015|-2.01|3,714
2739|HUAAN|0.225|0.230|0.220|-0.005|-2.22|329,272
5062|HUAYANG|0.395|0.395|0.405|+0.010|+2.53|646
7013|HUBLINE|0.055|0.055|0.055|0.000|0.00|128,813
7013WA|HUBLINE-WA|0.005|0.000|0.000|0.000|0.00|0
7013WB|HUBLINE-WB|0.005|0.005|0.010|+0.005|+100.00|1,910
7013WC|HUBLINE-WC|0.020|0.015|0.020|0.000|0.00|250
5000|HUMEIND|0.780|0.805|0.780|0.000|0.00|14,589
5024|HUPSENG|1.030|1.040|1.010|-0.020|-1.94|7,423
8478|HWATAI|0.340|0.300|0.300|-0.040|-11.76|927
9601|HWGB|0.105|0.105|0.105|0.000|0.00|2,049
9601WD|HWGB-WD|0.030|0.030|0.030|0.000|0.00|2,600
4251|IBHD|0.420|0.420|0.420|0.000|0.00|1,294
4251LB|IBHD-LB|0.300|0.300|0.300|0.000|0.00|1,000
4251WA|IBHD-WA|0.010|0.010|0.010|0.000|0.00|500
5084|IBRACO|0.710|0.705|0.705|-0.005|-0.70|100
5108|ICAP|2.400|2.400|2.410|+0.010|+0.42|101
0502CF|ICBC-CF|0.100|0.000|0.000|0.000|0.00|0
5255|ICON|0.085|0.085|0.085|0.000|0.00|60,172
9687|IDEAL|1.190|1.180|1.200|+0.010|+0.84|436
9687WB|IDEAL-WB|0.405|0.385|0.400|-0.005|-1.23|530
0174|IDMENSN|0.030|0.000|0.000|0.000|0.00|0
0174WA|IDMENSN-WA|0.005|0.000|0.000|0.000|0.00|0
0023|IFCAMSC|0.405|0.405|0.440|+0.035|+8.64|337,518
5606|IGBB|2.500|2.500|2.500|0.000|0.00|914
5606PA|IGBB-PA|1.120|0.000|0.000|0.000|0.00|0
5606PB|IGBB-PB|3.200|0.000|0.000|0.000|0.00|0
5227|IGBREIT|1.750|1.750|1.750|0.000|0.00|14,508
5225|IHH|5.900|5.890|5.880|-0.020|-0.34|61,470
522510|IHH-C10|0.140|0.135|0.135|-0.005|-3.57|500
5225C7|IHH-C7|0.050|0.000|0.000|0.000|0.00|0
5225C8|IHH-C8|0.130|0.000|0.000|0.000|0.00|0
5225C9|IHH-C9|0.105|0.100|0.100|-0.005|-4.76|100
0401GA|IHS046000824|96.000|0.000|0.000|0.000|0.00|0
3336|IJM|1.920|1.920|1.990|+0.070|+3.65|44,518
333620|IJM-C20|0.065|0.065|0.070|+0.005|+7.69|10,980
333621|IJM-C21|0.060|0.060|0.070|+0.010|+16.67|1,104
333622|IJM-C22|0.005|0.000|0.000|0.000|0.00|0
333624|IJM-C24|0.120|0.140|0.140|+0.020|+16.67|200
333625|IJM-C25|0.150|0.150|0.160|+0.010|+6.67|751
2216|IJMPLNT|1.720|1.700|1.700|-0.020|-1.16|60
5268|IKHMAS|0.145|0.145|0.150|+0.005|+3.45|12,430
5614|ILB|0.450|0.000|0.000|0.000|0.00|0
7222|IMASPRO|2.140|2.190|2.230|+0.090|+4.21|6,470
0166|INARI|1.660|1.660|1.670|+0.010|+0.60|72,101
016621|INARI-C21|0.005|0.000|0.000|0.000|0.00|0
016622|INARI-C22|0.005|0.000|0.000|0.000|0.00|0
016623|INARI-C23|0.005|0.000|0.000|0.000|0.00|0
016624|INARI-C24|0.005|0.000|0.000|0.000|0.00|0
016625|INARI-C25|0.005|0.000|0.000|0.000|0.00|0
016626|INARI-C26|0.055|0.055|0.055|0.000|0.00|200
016627|INARI-C27|0.050|0.050|0.050|0.000|0.00|17,100
016628|INARI-C28|0.050|0.045|0.045|-0.005|-10.00|22,100
016629|INARI-C29|0.090|0.000|0.000|0.000|0.00|0
016630|INARI-C30|0.075|0.000|0.000|0.000|0.00|0
016631|INARI-C31|0.150|0.145|0.145|-0.005|-3.33|44,100
016632|INARI-C32|0.155|0.155|0.155|0.000|0.00|10,700
016633|INARI-C33|0.310|0.000|0.000|0.000|0.00|0
016634|INARI-C34|0.105|0.105|0.105|0.000|0.00|16,300
016635|INARI-C35|0.085|0.000|0.000|0.000|0.00|0
016636|INARI-C36|0.105|0.000|0.000|0.000|0.00|0
016637|INARI-C37|0.150|0.000|0.000|0.000|0.00|0
0166WB|INARI-WB|1.120|1.110|1.110|-0.010|-0.89|363
2607|INCKEN|0.635|0.630|0.640|+0.005|+0.79|310
0094|INIX|0.055|0.055|0.050|-0.005|-9.09|48,403
0094WA|INIX-WA|0.025|0.025|0.025|0.000|0.00|4,122
0147|INNITY|0.560|0.565|0.565|+0.005|+0.89|40
6262|INNO|0.740|0.740|0.740|0.000|0.00|180
3379|INSAS|0.785|0.785|0.780|-0.005|-0.64|588
3379PA|INSAS-PA|0.975|0.975|0.975|0.000|0.00|10
3379WB|INSAS-WB|0.090|0.080|0.080|-0.010|-11.11|111
0192|INTA|0.270|0.275|0.270|0.000|0.00|4,044
1961|IOICORP|4.490|4.520|4.510|+0.020|+0.45|20,246
196119|IOICORP-C19|0.055|0.055|0.060|+0.005|+9.09|3,200
5249|IOIPG|1.510|1.510|1.510|0.000|0.00|5,737
5249CU|IOIPG-CU|0.045|0.000|0.000|0.000|0.00|0
5249CV|IOIPG-CV|0.185|0.195|0.195|+0.010|+5.41|1,000
5673|IPMUDA|0.500|0.000|0.000|0.000|0.00|0
5107|IQGROUP|1.210|1.210|1.210|0.000|0.00|240
8834|IREKA|0.555|0.540|0.570|+0.015|+2.70|116
8834WB|IREKA-WB|0.005|0.000|0.000|0.000|0.00|0
7183|IRETEX|0.125|0.125|0.125|0.000|0.00|980
7183LA|IRETEX-LA|0.015|0.015|0.015|0.000|0.00|3,300
7183WA|IRETEX-WA|0.005|0.000|0.000|0.000|0.00|0
0010|IRIS|0.135|0.135|0.135|0.000|0.00|306,071
9393|ITRONIC|0.100|0.000|0.000|0.000|0.00|0
5175|IVORY|0.210|0.205|0.210|0.000|0.00|628
1589|IWCITY|0.710|0.710|0.705|-0.005|-0.70|127,363
7223|JADI|0.035|0.035|0.035|0.000|0.00|375
0024|JAG|0.050|0.050|0.050|0.000|0.00|23,778
0024WA|JAG-WA|0.005|0.000|0.000|0.000|0.00|0
0024WB|JAG-WB|0.010|0.010|0.010|0.000|0.00|6,384
4723|JAKS|0.710|0.705|0.700|-0.010|-1.41|107,463
4723WB|JAKS-WB|0.365|0.365|0.370|+0.005|+1.37|6,443
8648|JASKITA|0.115|0.115|0.115|0.000|0.00|300
7152|JAYCORP|0.870|0.870|0.850|-0.020|-2.30|225
0058|JCBNEXT|1.500|1.530|1.520|+0.020|+1.33|1,177
5161|JCY|0.205|0.205|0.215|+0.010|+4.88|29,452
8931|JERASIA|0.365|0.365|0.365|0.000|0.00|36
9083|JETSON|0.185|0.000|0.000|0.000|0.00|0
0146|JFTECH|0.790|0.780|0.770|-0.020|-2.53|325
0127|JHM|1.130|1.130|1.140|+0.010|+0.88|5,971
8923|JIANKUN|0.300|0.300|0.325|+0.025|+8.33|135
8923WA|JIANKUN-WA|0.075|0.000|0.000|0.000|0.00|0
6769|JKGLAND|0.080|0.080|0.075|-0.005|-6.25|2,200
03003|JMEDU|0.535|0.000|0.000|0.000|0.00|0
7043|JMR|0.960|0.000|0.000|0.000|0.00|0
3441|JOHAN|0.090|0.085|0.095|+0.005|+5.56|26,221
7167|JOHOTIN|1.390|1.380|1.380|-0.010|-0.72|12,313
4383|JTIASA|0.580|0.585|0.580|0.000|0.00|5,247
0111|K1|0.235|0.235|0.230|-0.005|-2.13|34,218
0111WC|K1-WC|0.105|0.105|0.105|0.000|0.00|12,680
0193|KAB|0.210|0.210|0.215|+0.005|+2.38|7,697
8672|KAMDAR|0.290|0.000|0.000|0.000|0.00|0
0170|KANGER|0.045|0.045|0.045|0.000|0.00|2,429
0170WA|KANGER-WA|0.020|0.000|0.000|0.000|0.00|0
5247|KAREX|0.420|0.420|0.420|0.000|0.00|42,934
0054|KARYON|0.135|0.135|0.135|0.000|0.00|2,786
7216|KAWAN|1.800|1.780|1.770|-0.030|-1.67|978
3115|KBUNAI|0.080|0.080|0.080|0.000|0.00|8,273
3115WC|KBUNAI-WC|0.025|0.015|0.020|-0.005|-20.00|10,575
7199|KEINHIN|0.630|0.000|0.000|0.000|0.00|0
7323|KEN|0.700|0.000|0.000|0.000|0.00|0
6483|KENANGA|0.555|0.555|0.550|-0.005|-0.90|1,324
7161|KERJAYA|1.240|1.260|1.280|+0.040|+3.23|2,990
7161CJ|KERJAYA-CJ|0.020|0.000|0.000|0.000|0.00|0
7161WB|KERJAYA-WB|0.200|0.200|0.185|-0.015|-7.50|32,389
9334|KESM|9.620|9.700|9.620|0.000|0.00|672
0143|KEYASIC|0.110|0.110|0.110|0.000|0.00|5,989
6491|KFIMA|1.650|1.660|1.660|+0.010|+0.61|201
8303|KFM|0.160|0.160|0.215|+0.055|+34.38|27,371
0151|KGB|1.270|1.270|1.250|-0.020|-1.57|1,495
0151WA|KGB-WA|0.740|0.750|0.740|0.000|0.00|1,712
0036|KGROUP|0.045|0.040|0.040|-0.005|-11.11|1,625
0036WB|KGROUP-WB|0.010|0.000|0.000|0.000|0.00|0
6203|KHEESAN|0.630|0.640|0.640|+0.010|+1.59|50
7062|KHIND|1.730|0.000|0.000|0.000|0.00|0
6211|KIALIM|0.220|0.000|0.000|0.000|0.00|0
3522|KIANJOO|3.050|3.050|3.060|+0.010|+0.33|5,772
5371|KIMHIN|1.200|1.180|1.180|-0.020|-1.67|30
5171|KIMLUN|1.220|1.230|1.240|+0.020|+1.64|956
5171WA|KIMLUN-WA|0.310|0.360|0.360|+0.050|+16.13|1
5060|KINSTEL|0.005|0.000|0.000|0.000|0.00|0
5280|KIPREIT|0.845|0.845|0.850|+0.005|+0.59|92
9466|KKB|1.220|1.210|1.180|-0.040|-3.28|4,063
5235SS|KLCC|7.800|7.840|7.790|-0.010|-0.13|3,619
2445|KLK|24.820|24.840|24.780|-0.040|-0.16|5,798
2445C2|KLK-C2|0.140|0.000|0.000|0.000|0.00|0
2453|KLUANG|3.550|3.550|3.600|+0.050|+1.41|67
5027|KMLOONG|1.300|1.280|1.300|0.000|0.00|350
5027WB|KMLOONG-WB|0.245|0.245|0.270|+0.025|+10.20|42
7164|KNM|0.100|0.100|0.105|+0.005|+5.00|511,858
7164WB|KNM-WB|0.015|0.015|0.015|0.000|0.00|7,826
5035|KNUSFOR|0.470|0.000|0.000|0.000|0.00|0
6971|KOBAY|1.440|1.440|1.450|+0.010|+0.69|170
7017|KOMARK|0.205|0.200|0.205|0.000|0.00|47,414
7017WB|KOMARK-WB|0.030|0.030|0.030|0.000|0.00|9,523
7153|KOSSAN|3.780|3.790|3.780|0.000|0.00|4,069
7153CY|KOSSAN-CY|0.010|0.000|0.000|0.000|0.00|0
7153CZ|KOSSAN-CZ|0.150|0.000|0.000|0.000|0.00|0
0002|KOTRA|1.800|0.000|0.000|0.000|0.00|0
5878|KPJ|1.030|1.030|1.040|+0.010|+0.97|51,225
5878CR|KPJ-CR|0.020|0.000|0.000|0.000|0.00|0
5878CS|KPJ-CS|0.030|0.000|0.000|0.000|0.00|0
7130|KPOWER|0.400|0.390|0.390|-0.010|-2.50|193
5843|KPS|1.330|1.330|1.310|-0.020|-1.50|1,861
9121|KPSCB|0.510|0.500|0.505|-0.005|-0.98|477
1996|KRETAM|0.395|0.395|0.400|+0.005|+1.27|1,670
0176|KRONO|0.620|0.620|0.610|-0.010|-1.61|26,607
3476|KSENG|4.690|4.660|4.720|+0.030|+0.64|995
5038|KSL|0.910|0.905|0.915|+0.005|+0.55|4,783
5192|KSSC|0.560|0.560|0.565|+0.005|+0.89|39,443
5172|KSTAR|0.085|0.000|0.000|0.000|0.00|0
5172WA|KSTAR-WA|0.010|0.010|0.010|0.000|0.00|4,621
4847|KTB|0.065|0.000|0.000|0.000|0.00|0
0180|KTC|0.180|0.180|0.170|-0.010|-5.56|16,418
6874|KUB|0.445|0.440|0.435|-0.010|-2.25|38,221
2186|KUCHAI|1.610|1.620|1.630|+0.020|+1.24|277
6572|KWANTAS|0.830|0.000|0.000|0.000|0.00|0
8362|KYM|0.335|0.000|0.000|0.000|0.00|0
3174|L&G|0.150|0.150|0.150|0.000|0.00|8,040
3794|LAFMSIA|2.350|2.340|2.250|-0.100|-4.26|21,748
0018|LAMBO|0.145|0.140|0.140|-0.005|-3.45|42,351
1643|LANDMRK|0.465|0.470|0.480|+0.015|+3.23|1,640
7006|LATITUD|4.050|4.080|4.080|+0.030|+0.74|10
9385|LAYHONG|0.430|0.430|0.430|0.000|0.00|34,097
9385WA|LAYHONG-WA|0.195|0.190|0.190|-0.005|-2.56|22,798
9326|LBALUM|0.490|0.480|0.480|-0.010|-2.04|250
8494|LBICAP|0.805|0.815|0.810|+0.005|+0.62|99
5789|LBS|0.665|0.670|0.675|+0.010|+1.50|3,386
5789PA|LBS-PA|0.840|0.000|0.000|0.000|0.00|0
5789WB|LBS-WB|0.240|0.200|0.200|-0.040|-16.67|16
5284|LCTITAN|4.390|4.400|4.390|0.000|0.00|1,683
9628|LEBTECH|0.860|0.805|0.855|-0.005|-0.58|4
8079|LEESK|0.940|0.940|0.950|+0.010|+1.06|2,752
5232|LEONFB|0.485|0.485|0.500|+0.015|+3.09|1,130
8745|LEWEKO|0.150|0.150|0.145|-0.005|-3.33|1,150
8745WB|LEWEKO-WB|0.055|0.000|0.000|0.000|0.00|0
7170|LFECORP|0.090|0.105|0.105|+0.015|+16.67|500
3573|LIENHOE|0.275|0.275|0.280|+0.005|+1.82|196
7089|LIIHEN|2.760|2.770|2.780|+0.020|+0.72|1,715
8486|LIONFIB|0.435|0.430|0.430|-0.005|-1.15|161
4235|LIONIND|0.565|0.565|0.560|-0.005|-0.88|86,662
6645|LITRAK|4.330|4.320|4.340|+0.010|+0.23|3,207
0182|LKL|0.110|0.110|0.110|0.000|0.00|500
7126|LONBISC|0.420|0.425|0.435|+0.015|+3.57|283,027
7126WA|LONBISC-WA|0.040|0.045|0.045|+0.005|+12.50|2,692
8621|LPI|16.200|16.200|16.200|0.000|0.00|106
9881|LSTEEL|0.270|0.270|0.270|0.000|0.00|200
7085|LTKM|1.210|1.130|1.210|0.000|0.00|78
5068|LUSTER|0.080|0.080|0.080|0.000|0.00|8,040
5068WA|LUSTER-WA|0.030|0.025|0.030|0.000|0.00|2,515
5068WB|LUSTER-WB|0.040|0.030|0.035|-0.005|-12.50|1,420
5143|LUXCHEM|0.555|0.555|0.550|-0.005|-0.90|832
0075|LYC|0.330|0.325|0.330|0.000|0.00|3,420
9199|LYSAGHT|2.690|2.690|2.690|0.000|0.00|30
5078|M&G|0.085|0.080|0.080|-0.005|-5.88|749
0017|M3TECH|0.045|0.045|0.045|0.000|0.00|8,685
0017WA|M3TECH-WA|0.005|0.000|0.000|0.000|0.00|0
1198|MAA|1.010|1.010|1.010|0.000|0.00|4,954
7617|MAGNA|0.900|0.900|0.880|-0.020|-2.22|120
7617WB|MAGNA-WB|0.180|0.000|0.000|0.000|0.00|0
7087|MAGNI|4.600|4.600|4.600|0.000|0.00|219
3859|MAGNUM|2.380|2.370|2.370|-0.010|-0.42|19,236
8583|MAHSING|0.930|0.930|0.945|+0.015|+1.61|4,647
858317|MAHSING-C17|0.040|0.000|0.000|0.000|0.00|0
858318|MAHSING-C18|0.030|0.000|0.000|0.000|0.00|0
858319|MAHSING-C19|0.030|0.000|0.000|0.000|0.00|0
8583WC|MAHSING-WC|0.020|0.000|0.000|0.000|0.00|0
5264|MALAKOF|0.915|0.915|0.910|-0.005|-0.55|12,217
526412|MALAKOFC12|0.005|0.000|0.000|0.000|0.00|0
526413|MALAKOFC13|0.010|0.000|0.000|0.000|0.00|0
526414|MALAKOFC14|0.005|0.000|0.000|0.000|0.00|0
526415|MALAKOFC15|0.035|0.025|0.025|-0.010|-28.57|4,975
526416|MALAKOFC16|0.020|0.020|0.020|0.000|0.00|500
526417|MALAKOFC17|0.090|0.000|0.000|0.000|0.00|0
526418|MALAKOFC18|0.060|0.060|0.060|0.000|0.00|955
526419|MALAKOFC19|0.125|0.000|0.000|0.000|0.00|0
526420|MALAKOFC20|0.095|0.000|0.000|0.000|0.00|0
526421|MALAKOFC21|0.075|0.075|0.075|0.000|0.00|1,200
4936|MALPAC|0.850|0.000|0.000|0.000|0.00|0
6181|MALTON|0.515|0.515|0.510|-0.005|-0.97|18,058
1058|MANULFE|2.600|2.600|2.600|0.000|0.00|50
3514|MARCO|0.130|0.130|0.130|0.000|0.00|700
5098|MASTEEL|0.470|0.470|0.495|+0.025|+5.32|53,493
7029|MASTER|0.685|0.695|0.675|-0.010|-1.46|2,218
0189|MATANG|0.070|0.070|0.070|0.000|0.00|2,650
5236|MATRIX|1.950|1.970|1.960|+0.010|+0.51|2,297
5236WA|MATRIX-WA|0.140|0.140|0.140|0.000|0.00|736
6012|MAXIS|5.330|5.330|5.360|+0.030|+0.56|16,631
601210|MAXIS-C10|0.150|0.065|0.065|-0.085|-56.67|4
6012C8|MAXIS-C8|0.065|0.000|0.000|0.000|0.00|0
6012C9|MAXIS-C9|0.045|0.000|0.000|0.000|0.00|0
5189|MAXWELL|0.010|0.000|0.000|0.000|0.00|0
5189WA|MAXWELL-WA|0.005|0.000|0.000|0.000|0.00|0
1155|MAYBANK|9.530|9.530|9.530|0.000|0.00|100,028
115543|MAYBANKC43|0.080|0.085|0.080|0.000|0.00|702
115544|MAYBANKC44|0.005|0.000|0.000|0.000|0.00|0
115545|MAYBANKC45|0.020|0.000|0.000|0.000|0.00|0
115546|MAYBANKC46|0.015|0.010|0.010|-0.005|-33.33|2,000
115547|MAYBANKC47|0.035|0.000|0.000|0.000|0.00|0
115548|MAYBANKC48|0.030|0.000|0.000|0.000|0.00|0
115549|MAYBANKC49|0.120|0.000|0.000|0.000|0.00|0
115550|MAYBANKC50|0.105|0.000|0.000|0.000|0.00|0
115551|MAYBANKC51|0.110|0.000|0.000|0.000|0.00|0
115552|MAYBANKC52|0.050|0.050|0.050|0.000|0.00|1,000
115553|MAYBANKC53|0.150|0.000|0.000|0.000|0.00|0
5077|MAYBULK|0.610|0.610|0.595|-0.015|-2.46|14,260
5886|MBG|0.800|0.000|0.000|0.000|0.00|0
5152|MBL|1.080|1.070|1.110|+0.030|+2.78|4,574
5152WA|MBL-WA|0.345|0.345|0.390|+0.045|+13.04|2,215
5983|MBMR|2.630|2.630|2.610|-0.020|-0.76|3,006
1171|MBSB|0.990|0.990|0.995|+0.005|+0.51|19,723
117115|MBSB-C15|0.010|0.000|0.000|0.000|0.00|0
117116|MBSB-C16|0.060|0.000|0.000|0.000|0.00|0
117117|MBSB-C17|0.060|0.050|0.055|-0.005|-8.33|3,083
117118|MBSB-C18|0.055|0.000|0.000|0.000|0.00|0
117119|MBSB-C19|0.060|0.000|0.000|0.000|0.00|0
117120|MBSB-C20|0.025|0.025|0.025|0.000|0.00|1,000
117121|MBSB-C21|0.150|0.000|0.000|0.000|0.00|0
7189|MBWORLD|1.640|0.000|0.000|0.000|0.00|0
7004|MCEHLDG|0.630|0.570|0.600|-0.030|-4.76|116
0167|MCLEAN|0.090|0.000|0.000|0.000|0.00|0
0167WB|MCLEAN-WB|0.015|0.000|0.000|0.000|0.00|0
5182|MCT|0.665|0.000|0.000|0.000|0.00|0
5040|MEDAINC|0.305|0.305|0.300|-0.005|-1.64|3,759
5040WA|MEDAINC-WA|0.095|0.000|0.000|0.000|0.00|0
5040WB|MEDAINC-WB|0.025|0.000|0.000|0.000|0.00|0
5040WC|MEDAINC-WC|0.025|0.000|0.000|0.000|0.00|0
4502|MEDIA|0.490|0.495|0.510|+0.020|+4.08|17,915
5090|MEDIAC|0.240|0.235|0.230|-0.010|-4.17|9,477
0081|MEGASUN|0.160|0.000|0.000|0.000|0.00|0
0081WA|MEGASUN-WA|0.040|0.000|0.000|0.000|0.00|0
5129|MELATI|0.470|0.000|0.000|0.000|0.00|0
3778|MELEWAR|0.135|0.135|0.130|-0.005|-3.70|2,580
3778WB|MELEWAR-WB|0.045|0.000|0.000|0.000|0.00|0
1694|MENANG|0.390|0.380|0.380|-0.010|-2.56|54
1694WB|MENANG-WB|0.010|0.000|0.000|0.000|0.00|0
0577C2|MENGNIU-C2|0.180|0.000|0.000|0.000|0.00|0
5223|MENTIGA|0.470|0.000|0.000|0.000|0.00|0
8192|MERCURY|0.900|0.860|0.860|-0.040|-4.44|30
5006|MERGE|1.340|1.330|1.310|-0.030|-2.24|1,561
7234|MESB|0.320|0.320|0.310|-0.010|-3.13|2,956
7234WA|MESB-WA|0.115|0.105|0.105|-0.010|-8.70|316
0826EA|METFAPA|1.040|1.040|1.040|0.000|0.00|6
0825EA|METFSID|0.826|0.826|0.826|0.000|0.00|12
0827EA|METFUS50|1.065|0.000|0.000|0.000|0.00|0
6149|METROD|1.700|0.000|0.000|0.000|0.00|0
3069|MFCB|3.800|3.840|3.830|+0.030|+0.79|705
3069WA|MFCB-WA|1.620|1.620|1.600|-0.020|-1.23|1,684
03015|MFGROUP|0.220|0.000|0.000|0.000|0.00|0
3662|MFLOUR|0.680|0.680|0.715|+0.035|+5.15|439,667
3662LA|MFLOUR-LA|1.330|1.310|1.380|+0.050|+3.76|8,184
3662WC|MFLOUR-WC|0.230|0.230|0.255|+0.025|+10.87|112,687
7595|MGB|0.785|0.760|0.765|-0.020|-2.55|1,099
7595WA|MGB-WA|0.285|0.250|0.250|-0.035|-12.28|10
0155|MGRC|0.260|0.000|0.000|0.000|0.00|0
5186|MHB|0.785|0.790|0.765|-0.020|-2.55|2,727
518613|MHB-C13|0.030|0.000|0.000|0.000|0.00|0
5026|MHC|0.640|0.605|0.600|-0.040|-6.25|130
03005|MHCARE|0.540|0.000|0.000|0.000|0.00|0
5286|MI|2.300|2.300|2.280|-0.020|-0.87|2,769
5286CA|MI-CA|0.090|0.000|0.000|0.000|0.00|0
5286CB|MI-CB|0.040|0.035|0.035|-0.005|-12.50|200
5286CC|MI-CC|0.065|0.000|0.000|0.000|0.00|0
5286CD|MI-CD|0.150|0.145|0.145|-0.005|-3.33|999
5286CE|MI-CE|0.150|0.000|0.000|0.000|0.00|0
5286CF|MI-CF|0.125|0.000|0.000|0.000|0.00|0
0126|MICROLN|0.405|0.360|0.415|+0.010|+2.47|411
5001|MIECO|0.290|0.290|0.280|-0.010|-3.45|2,320
0112|MIKROMB|0.260|0.250|0.260|0.000|0.00|1,751
7935|MILUX|0.680|0.000|0.000|0.000|0.00|0
5166|MINDA|0.050|0.045|0.050|0.000|0.00|500
7219|MINETEC|0.055|0.050|0.055|0.000|0.00|2,010
7219WA|MINETEC-WA|0.005|0.000|0.000|0.000|0.00|0
5576|MINHO|0.310|0.300|0.295|-0.015|-4.84|1,438
5576WC|MINHO-WC|0.075|0.000|0.000|0.000|0.00|0
3816|MISC|6.810|6.810|6.770|-0.040|-0.59|13,521
381619|MISC-C19|0.175|0.000|0.000|0.000|0.00|0
381620|MISC-C20|0.095|0.000|0.000|0.000|0.00|0
381621|MISC-C21|0.160|0.000|0.000|0.000|0.00|0
9571|MITRA|0.340|0.340|0.380|+0.040|+11.76|304,812
9571WD|MITRA-WD|0.035|0.035|0.040|+0.005|+14.29|7,362
9571WE|MITRA-WE|0.080|0.090|0.090|+0.010|+12.50|438
8141|MJPERAK|0.220|0.210|0.215|-0.005|-2.27|16,670
6114|MKH|1.350|1.350|1.340|-0.010|-0.74|3,356
8893|MKLAND|0.185|0.185|0.185|0.000|0.00|2,354
0085|MLAB|0.040|0.045|0.045|+0.005|+12.50|1
0085WA|MLAB-WA|0.010|0.010|0.005|-0.005|-50.00|664
0085WB|MLAB-WB|0.010|0.000|0.000|0.000|0.00|0
0034|MMAG|0.225|0.225|0.225|0.000|0.00|300
0034PA|MMAG-PA|0.090|0.090|0.090|0.000|0.00|88
0034WB|MMAG-WB|0.075|0.065|0.075|0.000|0.00|2,304
2194|MMCCORP|1.160|1.160|1.130|-0.030|-2.59|13,342
0113|MMSV|0.965|0.965|0.965|0.000|0.00|407
0103|MNC|0.040|0.035|0.040|0.000|0.00|607
0103WA|MNC-WA|0.010|0.000|0.000|0.000|0.00|0
6459|MNRB|1.020|1.020|1.010|-0.010|-0.98|8,355
0156|MPAY|0.120|0.120|0.125|+0.005|+4.17|9,032
6548|MPCORP|0.045|0.000|0.000|0.000|0.00|0
5237|MPHBCAP|1.100|1.100|1.080|-0.020|-1.82|232
3867|MPI|10.120|9.950|9.900|-0.220|-2.17|2,631
5123|MQREIT|1.070|1.080|1.080|+0.010|+0.93|1,001
0070|MQTECH|0.030|0.025|0.025|-0.005|-16.67|13,536
0070WA|MQTECH-WA|0.010|0.005|0.005|-0.005|-50.00|10
1651|MRCB|0.840|0.840|0.835|-0.005|-0.60|80,618
165134|MRCB-C34|0.010|0.005|0.005|-0.005|-50.00|1,000
165135|MRCB-C35|0.005|0.000|0.000|0.000|0.00|0
165136|MRCB-C36|0.070|0.065|0.065|-0.005|-7.14|1,058
165137|MRCB-C37|0.095|0.095|0.095|0.000|0.00|2,200
165138|MRCB-C38|0.080|0.000|0.000|0.000|0.00|0
165139|MRCB-C39|0.145|0.135|0.135|-0.010|-6.90|23,606
165140|MRCB-C40|0.180|0.000|0.000|0.000|0.00|0
165141|MRCB-C41|0.155|0.150|0.155|0.000|0.00|1,592
165142|MRCB-C42|0.065|0.060|0.060|-0.005|-7.69|100
165143|MRCB-C43|0.100|0.100|0.100|0.000|0.00|1,100
1651WB|MRCB-WB|0.240|0.240|0.230|-0.010|-4.17|5,108
5916|MSC|0.900|0.890|0.895|-0.005|-0.56|2,401
5202|MSM|2.000|2.000|2.000|0.000|0.00|727
5011|MSNIAGA|1.610|1.580|1.550|-0.060|-3.73|1,924
5150|MSPORTS|0.010|0.005|0.010|0.000|0.00|872
5924|MTDACPI|0.160|0.160|0.160|0.000|0.00|100
0092|MTOUCHE|0.060|0.000|0.000|0.000|0.00|0
0092WB|MTOUCHE-WB|0.025|0.000|0.000|0.000|0.00|0
0092WC|MTOUCHE-WC|0.015|0.000|0.000|0.000|0.00|0
0043|MTRONIC|0.070|0.070|0.075|+0.005|+7.14|42,291
3883|MUDA|1.910|1.910|1.870|-0.040|-2.09|6,911
5085|MUDAJYA|0.320|0.320|0.305|-0.015|-4.69|4,504
9539|MUH|0.480|0.000|0.000|0.000|0.00|0
5703|MUHIBAH|2.970|2.960|2.950|-0.020|-0.67|1,343
3891|MUIIND|0.175|0.170|0.170|-0.005|-2.86|7,120
3913|MUIPROP|0.180|0.175|0.175|-0.005|-2.78|6,409
3905|MULPHA|2.590|2.600|2.520|-0.070|-2.70|3,857
5087|MYCRON|0.290|0.000|0.000|0.000|0.00|0
5087WA|MYCRON-WA|0.110|0.000|0.000|0.000|0.00|0
0138|MYEG|1.230|1.220|1.190|-0.040|-3.25|896,590
013844|MYEG-C44|0.130|0.125|0.115|-0.015|-11.54|28,356
013846|MYEG-C46|0.020|0.000|0.000|0.000|0.00|0
013847|MYEG-C47|0.010|0.000|0.000|0.000|0.00|0
013848|MYEG-C48|0.010|0.015|0.015|+0.005|+50.00|2
013849|MYEG-C49|0.005|0.000|0.000|0.000|0.00|0
013850|MYEG-C50|0.055|0.000|0.000|0.000|0.00|0
013851|MYEG-C51|0.015|0.000|0.000|0.000|0.00|0
013852|MYEG-C52|0.005|0.000|0.000|0.000|0.00|0
013853|MYEG-C53|0.025|0.025|0.025|0.000|0.00|500
013854|MYEG-C54|0.010|0.000|0.000|0.000|0.00|0
013855|MYEG-C55|0.105|0.105|0.100|-0.005|-4.76|123,291
013856|MYEG-C56|0.335|0.315|0.325|-0.010|-2.99|857
013857|MYEG-C57|0.175|0.170|0.165|-0.010|-5.71|12,376
013858|MYEG-C58|0.105|0.100|0.100|-0.005|-4.76|36,700
013859|MYEG-C59|0.165|0.155|0.155|-0.010|-6.06|62,353
013860|MYEG-C60|0.185|0.180|0.175|-0.010|-5.41|79
013861|MYEG-C61|0.115|0.110|0.110|-0.005|-4.35|72,450
013862|MYEG-C62|0.150|0.150|0.140|-0.010|-6.67|444
013863|MYEG-C63|0.125|0.130|0.125|0.000|0.00|27,501
0821EA|MYETFDJ|1.125|0.000|0.000|0.000|0.00|0
0824EA|MYETFID|1.140|0.000|0.000|0.000|0.00|0
03010|MYKRIS|0.300|0.000|0.000|0.000|0.00|0
5275|MYNEWS|1.400|1.360|1.360|-0.040|-2.86|441
0108|N2N|0.915|0.915|0.915|0.000|0.00|7,757
0108WB|N2N-WB|0.270|0.270|0.285|+0.015|+5.56|5,513
0206|NADIBHD|0.265|0.260|0.265|0.000|0.00|4,681
5073|NAIM|0.945|0.945|0.945|0.000|0.00|95,991
9806|NATWIDE|0.300|0.000|0.000|0.000|0.00|0
4707|NESTLE|148.100|148.100|147.800|-0.300|-0.20|444
4707CE|NESTLE-CE|0.045|0.045|0.045|0.000|0.00|260
0020|NETX|0.015|0.015|0.015|0.000|0.00|175,889
0020WB|NETX-WB|0.005|0.000|0.000|0.000|0.00|0
0096|NEXGRAM|0.020|0.015|0.020|0.000|0.00|60,700
0096WA|NEXGRAM-WA|0.005|0.000|0.000|0.000|0.00|0
0096WB|NEXGRAM-WB|0.005|0.000|0.000|0.000|0.00|0
0096WC|NEXGRAM-WC|0.005|0.005|0.005|0.000|0.00|170
7241|NGGB|0.490|0.495|0.490|0.000|0.00|18,959
7241WA|NGGB-WA|0.190|0.195|0.185|-0.005|-2.63|19,068
7060|NHFATT|2.700|0.000|0.000|0.000|0.00|0
7139|NICE|0.035|0.035|0.035|0.000|0.00|200
7139WB|NICE-WB|0.010|0.000|0.000|0.000|0.00|0
7215|NIHSIN|0.295|0.295|0.290|-0.005|-1.69|3,581
0083|NOTION|0.585|0.585|0.575|-0.010|-1.71|20,580
0083WC|NOTION-WC|0.265|0.000|0.000|0.000|0.00|0
0201|NOVA|0.490|0.495|0.490|0.000|0.00|180
0026|NOVAMSC|0.125|0.125|0.125|0.000|0.00|17,108
5047|NPC|2.000|0.000|0.000|0.000|0.00|0
03006|NPS|0.280|0.000|0.000|0.000|0.00|0
2038|NSOP|3.270|0.000|0.000|0.000|0.00|0
5066|NTPM|0.500|0.500|0.500|0.000|0.00|94
5025|NWP|0.065|0.060|0.060|-0.005|-7.69|1,900
4944|NYLEX|0.670|0.670|0.665|-0.005|-0.75|100
5533|OCB|0.390|0.405|0.405|+0.015|+3.85|40
0172|OCK|0.570|0.570|0.575|+0.005|+0.88|42,836
0172WA|OCK-WA|0.100|0.100|0.100|0.000|0.00|17,551
0049|OCNCASH|0.435|0.435|0.430|-0.005|-1.15|3,100
7071|OCR|0.235|0.235|0.235|0.000|0.00|741
7071PA|OCR-PA|0.020|0.025|0.025|+0.005|+25.00|1,009
7071WC|OCR-WC|0.030|0.000|0.000|0.000|0.00|0
7071WD|OCR-WD|0.055|0.050|0.050|-0.005|-9.09|7,456
7107|OFI|0.810|0.810|0.840|+0.030|+3.70|7,915
5827|OIB|2.050|0.000|0.000|0.000|0.00|0
7140|OKA|0.660|0.660|0.660|0.000|0.00|2,372
3018|OLYMPIA|0.105|0.105|0.110|+0.005|+4.76|8,352
9008|OMESTI|0.375|0.375|0.370|-0.005|-1.33|775
0035|OPCOM|0.645|0.655|0.650|+0.005|+0.78|5,322
0040|OPENSYS|0.330|0.330|0.330|0.000|0.00|3,853
4006|ORIENT|6.700|6.720|6.780|+0.080|+1.19|139
0079|ORION|0.165|0.170|0.165|0.000|0.00|82,223
0079WA|ORION-WA|0.070|0.075|0.075|+0.005|+7.14|12,294
5065|ORNA|1.030|1.030|1.030|0.000|0.00|840
5053|OSK|0.980|0.980|0.965|-0.015|-1.53|477
5053WC|OSK-WC|0.045|0.045|0.045|0.000|0.00|800
0053|OSKVI|0.475|0.470|0.470|-0.005|-1.05|10
0153|OVERSEA|0.120|0.000|0.000|0.000|0.00|0
5260|OWG|0.630|0.630|0.625|-0.005|-0.79|4,017
5260WA|OWG-WA|0.175|0.175|0.170|-0.005|-2.86|3,793
6009|P&O|1.000|1.000|1.000|0.000|0.00|253
7225|PA|0.055|0.055|0.060|+0.005|+9.09|7,610
7225WB|PA-WB|0.040|0.035|0.040|0.000|0.00|7,554
7052|PADINI|3.850|3.830|3.770|-0.080|-2.08|40,484
7052CV|PADINI-CV|0.005|0.000|0.000|0.000|0.00|0
7052CW|PADINI-CW|0.010|0.000|0.000|0.000|0.00|0
7052CX|PADINI-CX|0.140|0.130|0.130|-0.010|-7.14|9,200
7052CY|PADINI-CY|0.100|0.095|0.090|-0.010|-10.00|14,628
7052CZ|PADINI-CZ|0.125|0.000|0.000|0.000|0.00|0
3719|PANAMY|37.960|38.000|38.000|+0.040|+0.11|214
0041|PANPAGE|0.225|0.225|0.220|-0.005|-2.22|5,182
8419|PANSAR|0.820|0.830|0.820|0.000|0.00|12,923
8419WA|PANSAR-WA|0.310|0.000|0.000|0.000|0.00|0
5125|PANTECH|0.580|0.570|0.570|-0.010|-1.72|12,239
5125WA|PANTECH-WA|0.120|0.120|0.125|+0.005|+4.17|3,870
5125WB|PANTECH-WB|0.130|0.130|0.130|0.000|0.00|410
5022|PAOS|0.330|0.000|0.000|0.000|0.00|0
5022WA|PAOS-WA|0.050|0.045|0.045|-0.005|-10.00|148
9407|PARAGON|0.255|0.250|0.250|-0.005|-1.96|30
1724|PARAMON|2.070|2.110|2.120|+0.050|+2.42|3,786
5657|PARKSON|0.255|0.255|0.250|-0.005|-1.96|13,040
0022|PARLO|0.075|0.080|0.080|+0.005|+6.67|200
6912|PASDEC|0.405|0.400|0.390|-0.015|-3.70|250
6912WA|PASDEC-WA|0.070|0.000|0.000|0.000|0.00|0
0177|PASUKGB|0.055|0.050|0.050|-0.005|-9.09|40,356
5212|PAVREIT|1.740|1.740|1.730|-0.010|-0.57|17,073
5041|PBA|1.160|1.140|1.150|-0.010|-0.86|140
1295|PBBANK|24.540|24.560|24.500|-0.040|-0.16|53,476
129526|PBBANK-C26|0.050|0.000|0.000|0.000|0.00|0
129527|PBBANK-C27|0.030|0.030|0.030|0.000|0.00|1,500
129528|PBBANK-C28|0.105|0.000|0.000|0.000|0.00|0
129529|PBBANK-C29|0.170|0.000|0.000|0.000|0.00|0
129530|PBBANK-C30|0.125|0.000|0.000|0.000|0.00|0
129531|PBBANK-C31|0.165|0.165|0.165|0.000|0.00|1,592
6068|PCCS|0.295|0.290|0.295|0.000|0.00|12,496
6068WA|PCCS-WA|0.070|0.070|0.075|+0.005|+7.14|3,653
5183|PCHEM|9.180|9.160|9.250|+0.070|+0.76|101,617
518322|PCHEM-C22|0.030|0.000|0.000|0.000|0.00|0
518323|PCHEM-C23|0.015|0.000|0.000|0.000|0.00|0
518324|PCHEM-C24|0.010|0.015|0.015|+0.005|+50.00|1,155
518325|PCHEM-C25|0.075|0.065|0.065|-0.010|-13.33|8
518326|PCHEM-C26|0.120|0.000|0.000|0.000|0.00|0
518327|PCHEM-C27|0.165|0.000|0.000|0.000|0.00|0
518328|PCHEM-C28|0.150|0.000|0.000|0.000|0.00|0
518329|PCHEM-C29|0.155|0.140|0.160|+0.005|+3.23|3,006
518330|PCHEM-C30|0.195|0.000|0.000|0.000|0.00|0
518331|PCHEM-C31|0.150|0.100|0.100|-0.050|-33.33|8
6254|PDZ|0.040|0.040|0.040|0.000|0.00|21,311
6254WB|PDZ-WB|0.010|0.000|0.000|0.000|0.00|0
5622|PEB|0.850|0.840|0.900|+0.050|+5.88|49
5271|PECCA|1.040|1.030|1.050|+0.010|+0.96|7,852
5231|PELIKAN|0.340|0.340|0.335|-0.005|-1.47|684
5133|PENERGY|1.140|1.150|1.180|+0.040|+3.51|41,429
9997|PENSONI|0.405|0.400|0.400|-0.005|-1.23|1,893
9997WB|PENSONI-WB|0.125|0.000|0.000|0.000|0.00|0
7160|PENTA|3.480|3.460|3.450|-0.030|-0.86|4,626
7108|PERDANA|0.290|0.285|0.290|0.000|0.00|585,597
0047|PERISAI|0.005|0.000|0.000|0.000|0.00|0
7080|PERMAJU|0.420|0.420|0.415|-0.005|-1.19|97,183
5436|PERSTIM|4.850|4.850|4.850|0.000|0.00|64
8311|PESONA|0.210|0.210|0.210|0.000|0.00|10,849
8311WC|PESONA-WC|0.045|0.040|0.045|0.000|0.00|1,560
5219|PESTECH|1.150|1.140|1.150|0.000|0.00|691
5219CF|PESTECH-CF|0.005|0.000|0.000|0.000|0.00|0
5681|PETDAG|26.500|26.120|26.500|0.000|0.00|2,663
5681CW|PETDAG-CW|0.015|0.000|0.000|0.000|0.00|0
5681CX|PETDAG-CX|0.085|0.090|0.090|+0.005|+5.88|57
6033|PETGAS|17.900|17.720|17.740|-0.160|-0.89|4,649
6033CR|PETGAS-CR|0.020|0.000|0.000|0.000|0.00|0
6033CS|PETGAS-CS|0.025|0.000|0.000|0.000|0.00|0
3042|PETRONM|6.740|6.710|6.690|-0.050|-0.74|489
3042CS|PETRONM-CS|0.035|0.000|0.000|0.000|0.00|0
3611|PGLOBE|1.100|0.000|0.000|0.000|0.00|0
3611WA|PGLOBE-WA|0.110|0.000|0.000|0.000|0.00|0
7081|PHARMA|2.380|2.410|2.400|+0.020|+0.84|1,641
4464|PHB|0.015|0.020|0.025|+0.010|+66.67|90,016
7201|PICORP|0.130|0.130|0.125|-0.005|-3.85|1,360
7095|PIE|1.650|1.650|1.660|+0.010|+0.61|3,716
0006|PINEAPP|0.265|0.000|0.000|0.000|0.00|0
1902|PINEPAC|0.340|0.325|0.320|-0.020|-5.88|640
0527C2|PINGAN-C2|0.075|0.085|0.085|+0.010|+13.33|1
0527C3|PINGAN-C3|0.385|0.350|0.335|-0.050|-12.99|4,650
7163|PJBUMI|0.295|0.000|0.000|0.000|0.00|0
7163WA|PJBUMI-WA|0.080|0.000|0.000|0.000|0.00|0
0171|PLABS|0.290|0.285|0.275|-0.015|-5.17|8,330
7055|PLB|1.140|0.000|0.000|0.000|0.00|0
5075|PLENITU|1.480|1.490|1.480|0.000|0.00|45
9695|PLS|0.950|0.950|0.950|0.000|0.00|10
7172|PMBTECH|3.210|3.210|3.200|-0.010|-0.31|1,137
7172LA|PMBTECH-LA|3.210|0.000|0.000|0.000|0.00|0
7172WA|PMBTECH-WA|1.480|1.460|1.490|+0.010|+0.68|250
4081|PMCORP|0.140|0.140|0.140|0.000|0.00|5,420
8869|PMETAL|4.450|4.380|4.320|-0.130|-2.92|14,660
886915|PMETAL-C15|0.055|0.055|0.055|0.000|0.00|1,775
886916|PMETAL-C16|0.005|0.000|0.000|0.000|0.00|0
886917|PMETAL-C17|0.015|0.000|0.000|0.000|0.00|0
886918|PMETAL-C18|0.120|0.000|0.000|0.000|0.00|0
886919|PMETAL-C19|0.070|0.000|0.000|0.000|0.00|0
886920|PMETAL-C20|0.035|0.000|0.000|0.000|0.00|0
886921|PMETAL-C21|0.040|0.000|0.000|0.000|0.00|0
886922|PMETAL-C22|0.035|0.000|0.000|0.000|0.00|0
886923|PMETAL-C23|0.180|0.000|0.000|0.000|0.00|0
886924|PMETAL-C24|0.085|0.000|0.000|0.000|0.00|0
886925|PMETAL-C25|0.160|0.150|0.150|-0.010|-6.25|6,000
886926|PMETAL-C26|0.125|0.120|0.120|-0.005|-4.00|2,226
886927|PMETAL-C27|0.150|0.115|0.115|-0.035|-23.33|8
8869WC|PMETAL-WC|3.990|0.000|0.000|0.000|0.00|0
1287|PMHLDG|0.050|0.050|0.050|0.000|0.00|95,156
6637|PNEPCB|0.520|0.535|0.540|+0.020|+3.85|30
5080|POHKONG|0.480|0.490|0.500|+0.020|+4.17|273
7088|POHUAT|1.620|1.610|1.630|+0.010|+0.62|696
7088WB|POHUAT-WB|0.600|0.590|0.610|+0.010|+1.67|2,004
8117|POLY|0.435|0.420|0.420|-0.015|-3.45|10
03007|POLYMER|0.170|0.000|0.000|0.000|0.00|0
4634|POS|1.920|1.930|1.900|-0.020|-1.04|5,707
463421|POS-C21|0.005|0.000|0.000|0.000|0.00|0
463422|POS-C22|0.005|0.000|0.000|0.000|0.00|0
463423|POS-C23|0.005|0.000|0.000|0.000|0.00|0
463424|POS-C24|0.005|0.000|0.000|0.000|0.00|0
463425|POS-C25|0.005|0.000|0.000|0.000|0.00|0
463426|POS-C26|0.005|0.000|0.000|0.000|0.00|0
463427|POS-C27|0.010|0.010|0.010|0.000|0.00|800
463428|POS-C28|0.005|0.000|0.000|0.000|0.00|0
463429|POS-C29|0.035|0.000|0.000|0.000|0.00|0
463430|POS-C30|0.055|0.000|0.000|0.000|0.00|0
463431|POS-C31|0.090|0.085|0.085|-0.005|-5.56|3,900
463432|POS-C32|0.045|0.000|0.000|0.000|0.00|0
463433|POS-C33|0.135|0.130|0.135|0.000|0.00|251
463434|POS-C34|0.150|0.000|0.000|0.000|0.00|0
4065|PPB|18.420|18.260|18.500|+0.080|+0.43|11,878
4065CJ|PPB-CJ|0.115|0.000|0.000|0.000|0.00|0
7190|PPG|0.420|0.420|0.415|-0.005|-1.19|231
8273|PPHB|0.580|0.575|0.570|-0.010|-1.72|1,019
5204|PRESBHD|0.540|0.500|0.525|-0.015|-2.78|797,741
9873|PRESTAR|0.590|0.605|0.715|+0.125|+21.19|31,797
7168|PRG|0.745|0.740|0.745|0.000|0.00|4,100
7168WA|PRG-WA|0.340|0.345|0.365|+0.025|+7.35|225
0123|PRIVA|0.070|0.065|0.065|-0.005|-7.14|2,325
8346|PRKCORP|0.420|0.420|0.420|0.000|0.00|200
8966|PRLEXUS|0.625|0.625|0.595|-0.030|-4.80|1,738
8966WA|PRLEXUS-WA|0.115|0.105|0.120|+0.005|+4.35|456
5070|PRTASCO|0.255|0.255|0.250|-0.005|-1.96|9,615
5070WA|PRTASCO-WA|0.055|0.055|0.055|0.000|0.00|2,667
7145|PSIPTEK|0.130|0.125|0.125|-0.005|-3.85|8,713
7145WA|PSIPTEK-WA|0.030|0.025|0.025|-0.005|-16.67|200
9598|PTARAS|2.260|2.250|2.250|-0.010|-0.44|110
0038|PTB|0.150|0.000|0.000|0.000|0.00|0
0186|PTRANS|0.235|0.240|0.235|0.000|0.00|51,444
0186WA|PTRANS-WA|0.060|0.060|0.060|0.000|0.00|6,444
0007|PUC|0.095|0.100|0.095|0.000|0.00|46,108
0007WA|PUC-WA|0.065|0.065|0.065|0.000|0.00|3,100
6807|PUNCAK|0.395|0.390|0.390|-0.005|-1.27|2,850
7134|PWF|0.835|0.820|0.850|+0.015|+1.80|968
7134WA|PWF-WA|0.390|0.000|0.000|0.000|0.00|0
7123|PWORTH|0.040|0.045|0.040|0.000|0.00|64,303
7237|PWROOT|1.430|1.420|1.410|-0.020|-1.40|240
7237WA|PWROOT-WA|0.285|0.280|0.280|-0.005|-1.75|300
0196|QES|0.240|0.245|0.240|0.000|0.00|48,457
7084|QL|6.810|6.810|6.790|-0.020|-0.29|22,149
7084CL|QL-CL|0.060|0.000|0.000|0.000|0.00|0
7084CM|QL-CM|0.060|0.000|0.000|0.000|0.00|0
7084CN|QL-CN|0.090|0.000|0.000|0.000|0.00|0
7084CO|QL-CO|0.150|0.000|0.000|0.000|0.00|0
7544|QUALITY|0.815|0.000|0.000|0.000|0.00|0
7498|RALCO|0.220|0.000|0.000|0.000|0.00|0
7498WB|RALCO-WB|0.010|0.000|0.000|0.000|0.00|0
5272|RANHILL|1.300|1.290|1.290|-0.010|-0.77|1,541
7765|RAPID|5.790|5.750|5.700|-0.090|-1.55|15,713
9296|RCECAP|1.670|1.650|1.680|+0.010|+0.60|2,235
5256|REACH|0.300|0.295|0.300|0.000|0.00|24,244
5256WA|REACH-WA|0.055|0.055|0.055|0.000|0.00|149,326
03002|REDIDEA|0.280|0.000|0.000|0.000|0.00|0
0032|REDTONE|0.225|0.225|0.230|+0.005|+2.22|11,211
0032LA|REDTONE-LA|0.130|0.000|0.000|0.000|0.00|0
7232|RESINTC|0.340|0.300|0.300|-0.040|-11.76|426
0173|REV|0.200|0.200|0.200|0.000|0.00|950
0200|REVENUE|1.200|1.210|1.190|-0.010|-0.83|8,465
0200WA|REVENUE-WA|0.420|0.420|0.415|-0.005|-1.19|18,435
9946|REX|0.420|0.000|0.000|0.000|0.00|0
0106|REXIT|0.600|0.600|0.600|0.000|0.00|529
0037|RGB|0.215|0.215|0.215|0.000|0.00|9,730
9954|RGTBHD|0.185|0.180|0.180|-0.005|-2.70|12,664
9954WB|RGTBHD-WB|0.115|0.110|0.110|-0.005|-4.35|2,477
0202|RGTECH|0.235|0.235|0.240|+0.005|+2.13|4,004
1066|RHBBANK|5.480|5.500|5.560|+0.080|+1.46|150,079
106610|RHBBANKC10|0.090|0.000|0.000|0.000|0.00|0
106611|RHBBANKC11|0.035|0.040|0.040|+0.005|+14.29|5,200
106612|RHBBANKC12|0.075|0.080|0.080|+0.005|+6.67|46,806
106613|RHBBANKC13|0.065|0.065|0.070|+0.005|+7.69|3,114
5278|RHONEMA|0.750|0.000|0.000|0.000|0.00|0
9741|ROHAS|0.555|0.555|0.565|+0.010|+1.80|2,021
5113|RSAWIT|0.200|0.195|0.195|-0.005|-2.50|870
5270|RSENA|0.505|0.000|0.000|0.000|0.00|0
7803|RUBEREX|0.460|0.000|0.000|0.000|0.00|0
2542|RVIEW|3.020|3.020|3.020|0.000|0.00|12
5134|SAB|3.750|3.850|3.850|+0.100|+2.67|20
8567|SALCON|0.250|0.255|0.255|+0.005|+2.00|17,364
8567WB|SALCON-WB|0.080|0.080|0.080|0.000|0.00|2,351
0183|SALUTE|0.380|0.380|0.380|0.000|0.00|1,240
9822|SAM|8.140|8.040|8.010|-0.130|-1.60|65
5147|SAMCHEM|0.620|0.625|0.620|0.000|0.00|3,428
9113|SANBUMI|0.330|0.330|0.330|0.000|0.00|5,443
0541C9|SANDS-C9|0.115|0.000|0.000|0.000|0.00|0
0133|SANICHI|0.055|0.060|0.055|0.000|0.00|2,408
0133WC|SANICHI-WC|0.005|0.000|0.000|0.000|0.00|0
0133WD|SANICHI-WD|0.005|0.000|0.000|0.000|0.00|0
0133WE|SANICHI-WE|0.020|0.000|0.000|0.000|0.00|0
7811|SAPIND|0.715|0.710|0.710|-0.005|-0.70|79
5218|SAPNRG|0.315|0.315|0.310|-0.005|-1.59|894,029
5218PA|SAPNRG-PA|0.385|0.380|0.380|-0.005|-1.30|236
5218WA|SAPNRG-WA|0.105|0.100|0.100|-0.005|-4.76|619,715
521868|SAPNRGC68|0.005|0.000|0.000|0.000|0.00|0
521869|SAPNRGC69|0.010|0.000|0.000|0.000|0.00|0
521870|SAPNRGC70|0.055|0.000|0.000|0.000|0.00|0
521871|SAPNRGC71|0.005|0.000|0.000|0.000|0.00|0
521872|SAPNRGC72|0.005|0.000|0.000|0.000|0.00|0
521873|SAPNRGC73|0.030|0.000|0.000|0.000|0.00|0
521874|SAPNRGC74|0.035|0.030|0.030|-0.005|-14.29|55,000
521875|SAPNRGC75|0.080|0.075|0.080|0.000|0.00|731
521876|SAPNRGC76|0.075|0.075|0.075|0.000|0.00|950
4596|SAPRES|0.645|0.620|0.620|-0.025|-3.88|10
5252|SASBADI|0.235|0.245|0.240|+0.005|+2.13|168,540
5157|SAUDEE|0.310|0.320|0.300|-0.010|-3.23|1,349
5157WA|SAUDEE-WA|0.110|0.115|0.115|+0.005|+4.55|150
2569|SBAGAN|3.000|0.000|0.000|0.000|0.00|0
5207|SBCCORP|0.510|0.490|0.505|-0.005|-0.98|550
5170|SCABLE|0.365|0.360|0.365|0.000|0.00|23,370
0109|SCBUILD|0.030|0.025|0.025|-0.005|-16.67|100
0109WB|SCBUILD-WB|0.005|0.005|0.005|0.000|0.00|500
0158|SCC|0.520|0.515|0.520|0.000|0.00|178
7247|SCGM|1.180|1.180|1.180|0.000|0.00|1,807
7247WA|SCGM-WA|0.120|0.000|0.000|0.000|0.00|0
0161|SCH|0.135|0.135|0.130|-0.005|-3.70|1,080
0161WA|SCH-WA|0.040|0.040|0.040|0.000|0.00|970
9237|SCIB|0.490|0.490|0.500|+0.010|+2.04|401
0099|SCICOM|1.200|1.200|1.200|0.000|0.00|1,204
4731|SCIENTX|8.600|8.500|8.590|-0.010|-0.12|1,287
4731CF|SCIENTX-CF|0.055|0.070|0.070|+0.015|+27.27|4
7239|SCNWOLF|0.170|0.175|0.175|+0.005|+2.94|100
7158|SCOMI|0.050|0.050|0.045|-0.005|-10.00|26,177
7158WB|SCOMI-WB|0.015|0.015|0.010|-0.005|-33.33|1,500
7045|SCOMIES|0.060|0.055|0.050|-0.010|-16.67|14,964
0001|SCOMNET|0.810|0.800|0.790|-0.020|-2.47|13,199
0028|SCOPE|0.170|0.170|0.170|0.000|0.00|11,280
0028WA|SCOPE-WA|0.050|0.045|0.050|0.000|0.00|1,300
2224|SDRED|0.660|0.665|0.655|-0.005|-0.76|364
7073|SEACERA|0.380|0.375|0.370|-0.010|-2.63|268,006
7073WB|SEACERA-WB|0.005|0.000|0.000|0.000|0.00|0
7073WC|SEACERA-WC|0.050|0.045|0.045|-0.005|-10.00|16,611
4286|SEAL|0.360|0.000|0.000|0.000|0.00|0
5145|SEALINK|0.140|0.130|0.140|0.000|0.00|7,022
5163|SEB|0.480|0.475|0.445|-0.035|-7.29|1,387
0178|SEDANIA|0.120|0.120|0.120|0.000|0.00|300
7053|SEEHUP|0.920|0.000|0.000|0.000|0.00|0
03009|SEERS|0.100|0.000|0.000|0.000|0.00|0
9792|SEG|0.630|0.635|0.630|0.000|0.00|1,137
5250|SEM|1.470|1.460|1.460|-0.010|-0.68|2,512
5205|SENDAI|0.605|0.595|0.600|-0.005|-0.83|29,437
5279|SERBADK|3.900|3.920|3.880|-0.020|-0.51|8,520
5279CN|SERBADK-CN|0.030|0.000|0.000|0.000|0.00|0
5279CO|SERBADK-CO|0.020|0.000|0.000|0.000|0.00|0
5279CP|SERBADK-CP|0.090|0.000|0.000|0.000|0.00|0
5279CQ|SERBADK-CQ|0.170|0.000|0.000|0.000|0.00|0
5279CR|SERBADK-CR|0.160|0.000|0.000|0.000|0.00|0
5279CS|SERBADK-CS|0.105|0.000|0.000|0.000|0.00|0
7180|SERNKOU|0.550|0.525|0.520|-0.030|-5.45|3,460
7180WA|SERNKOU-WA|0.250|0.225|0.210|-0.040|-16.00|4,010
0055|SERSOL|0.100|0.100|0.100|0.000|0.00|1,000
0055WA|SERSOL-WA|0.045|0.000|0.000|0.000|0.00|0
7165|SGB|0.760|0.765|0.800|+0.040|+5.26|2,214
7165PA|SGB-PA|0.210|0.210|0.250|+0.040|+19.05|190
7165WA|SGB-WA|0.170|0.225|0.225|+0.055|+32.35|2,009
5517|SHANG|5.600|5.520|5.670|+0.070|+1.25|9,691
4316|SHCHAN|0.370|0.000|0.000|0.000|0.00|0
7412|SHH|0.495|0.500|0.500|+0.005|+1.01|60
6017|SHL|2.360|0.000|0.000|0.000|0.00|0
5181|SIGGAS|0.870|0.880|0.865|-0.005|-0.57|1,875
7246|SIGN|0.405|0.410|0.400|-0.005|-1.23|1,720
7246WA|SIGN-WA|0.070|0.000|0.000|0.000|0.00|0
4197|SIME|2.170|2.170|2.180|+0.010|+0.46|48,965
419725|SIME-C25|0.030|0.000|0.000|0.000|0.00|0
419727|SIME-C27|0.005|0.000|0.000|0.000|0.00|0
419728|SIME-C28|0.015|0.000|0.000|0.000|0.00|0
419729|SIME-C29|0.040|0.000|0.000|0.000|0.00|0
419730|SIME-C30|0.040|0.000|0.000|0.000|0.00|0
419731|SIME-C31|0.040|0.000|0.000|0.000|0.00|0
419732|SIME-C32|0.090|0.090|0.090|0.000|0.00|12,000
419733|SIME-C33|0.150|0.055|0.055|-0.095|-63.33|1,000
5285|SIMEPLT|5.140|5.100|5.100|-0.040|-0.78|30,586
5285CH|SIMEPLT-CH|0.030|0.000|0.000|0.000|0.00|0
5285CI|SIMEPLT-CI|0.050|0.045|0.045|-0.005|-10.00|4
5285CJ|SIMEPLT-CJ|0.100|0.000|0.000|0.000|0.00|0
5288|SIMEPROP|1.100|1.100|1.050|-0.050|-4.55|6,513
5288CG|SIMEPROP-CG|0.020|0.000|0.000|0.000|0.00|0
5288CH|SIMEPROP-CH|0.050|0.000|0.000|0.000|0.00|0
5288CI|SIMEPROP-CI|0.005|0.000|0.000|0.000|0.00|0
5288CJ|SIMEPROP-CJ|0.020|0.000|0.000|0.000|0.00|0
5288CK|SIMEPROP-CK|0.050|0.050|0.045|-0.005|-10.00|3
5288CL|SIMEPROP-CL|0.055|0.000|0.000|0.000|0.00|0
8532|SINOTOP|0.280|0.280|0.300|+0.020|+7.14|322
9431|SJC|0.610|0.000|0.000|0.000|0.00|0
7115|SKBSHUT|0.545|0.560|0.620|+0.075|+13.76|101
7155|SKPRES|1.300|1.300|1.300|0.000|0.00|13,879
7155CN|SKPRES-CN|0.040|0.000|0.000|0.000|0.00|0
7155CO|SKPRES-CO|0.045|0.045|0.045|0.000|0.00|16,828
7155CP|SKPRES-CP|0.055|0.000|0.000|0.000|0.00|0
7155CQ|SKPRES-CQ|0.150|0.000|0.000|0.000|0.00|0
03008|SLIC|0.420|0.000|0.000|0.000|0.00|0
7248|SLP|1.280|1.240|1.270|-0.010|-0.78|890
9776|SMCAP|0.165|0.165|0.160|-0.005|-3.03|1,172
9776WC|SMCAP-WC|0.080|0.000|0.000|0.000|0.00|0
0203|SMETRIC|0.500|0.495|0.520|+0.020|+4.00|12,876
4375|SMI|0.165|0.165|0.165|0.000|0.00|100
7132|SMISCOR|0.460|0.430|0.435|-0.025|-5.43|100
0117|SMRT|0.120|0.120|0.120|0.000|0.00|1,300
0169|SMTRACK|0.085|0.075|0.070|-0.015|-17.65|6,679
7943|SNC|0.240|0.240|0.240|0.000|0.00|27
5213|SNTORIA|0.410|0.000|0.000|0.000|0.00|0
5213WA|SNTORIA-WA|0.005|0.000|0.000|0.000|0.00|0
5213WB|SNTORIA-WB|0.055|0.000|0.000|0.000|0.00|0
5242|SOLID|0.295|0.295|0.310|+0.015|+5.08|338
5242WA|SOLID-WA|0.075|0.000|0.000|0.000|0.00|0
0093|SOLUTN|0.095|0.090|0.090|-0.005|-5.26|2,100
0093WA|SOLUTN-WA|0.030|0.030|0.030|0.000|0.00|14
5126|SOP|2.650|2.600|2.600|-0.050|-1.89|1,042
0656CF|SP500-CF|0.025|0.000|0.000|0.000|0.00|0
0656CG|SP500-CG|0.740|0.685|0.675|-0.065|-8.78|3,398
0656CH|SP500-CH|1.440|0.000|0.000|0.000|0.00|0
0656HF|SP500-HF|0.005|0.010|0.025|+0.020|+400.00|2,142
0656HG|SP500-HG|0.270|0.285|0.290|+0.020|+7.41|9,008
0656HH|SP500-HH|0.370|0.385|0.390|+0.020|+5.41|1,740
1783|SPB|6.230|6.230|6.230|0.000|0.00|180
7103|SPRITZER|2.190|2.180|2.180|-0.010|-0.46|200
8664|SPSETIA|2.240|2.280|2.250|+0.010|+0.45|16,082
866410|SPSETIA-C10|0.010|0.010|0.010|0.000|0.00|3,401
866411|SPSETIA-C11|0.070|0.000|0.000|0.000|0.00|0
866412|SPSETIA-C12|0.105|0.000|0.000|0.000|0.00|0
866413|SPSETIA-C13|0.080|0.090|0.080|0.000|0.00|5,230
866414|SPSETIA-C14|0.130|0.135|0.130|0.000|0.00|412
866415|SPSETIA-C15|0.150|0.000|0.000|0.000|0.00|0
866416|SPSETIA-C16|0.150|0.085|0.080|-0.070|-46.67|12,000
8664C9|SPSETIA-C9|0.005|0.000|0.000|0.000|0.00|0
8664PA|SPSETIA-PA|0.910|0.900|0.900|-0.010|-1.10|910
8664PB|SPSETIA-PB|0.775|0.800|0.810|+0.035|+4.52|450
0129|SRIDGE|0.235|0.230|0.230|-0.005|-2.13|10,530
0129WA|SRIDGE-WA|0.080|0.075|0.070|-0.010|-12.50|3,460
5665|SSTEEL|0.820|0.820|0.840|+0.020|+2.44|8,478
5665LB|SSTEEL-LB|0.760|0.000|0.000|0.000|0.00|0
6084|STAR|0.785|0.780|0.785|0.000|0.00|726
0140|STERPRO|0.175|0.180|0.180|+0.005|+2.86|50
0140WA|STERPRO-WA|0.040|0.000|0.000|0.000|0.00|0
7143|STONE|0.115|0.120|0.135|+0.020|+17.39|8,038
7143WA|STONE-WA|0.010|0.020|0.015|+0.005|+50.00|1,551
0080|STRAITS|0.245|0.245|0.240|-0.005|-2.04|20,403
0080WA|STRAITS-WA|0.130|0.130|0.125|-0.005|-3.85|14,786
6904|SUBUR|0.530|0.000|0.000|0.000|0.00|0
7207|SUCCESS|0.740|0.730|0.735|-0.005|-0.68|4,178
9865|SUIWAH|2.670|2.680|2.670|0.000|0.00|140
1201|SUMATEC|0.010|0.010|0.010|0.000|0.00|67,012
1201WA|SUMATEC-WA|0.005|0.000|0.000|0.000|0.00|0
5263|SUNCON|1.780|1.790|1.780|0.000|0.00|2,324
5263CT|SUNCON-CT|0.005|0.000|0.000|0.000|0.00|0
5263CU|SUNCON-CU|0.055|0.000|0.000|0.000|0.00|0
5263CV|SUNCON-CV|0.030|0.000|0.000|0.000|0.00|0
5176|SUNREIT|1.760|1.760|1.750|-0.010|-0.57|19,292
3743|SUNSURIA|0.650|0.650|0.650|0.000|0.00|20
3743WA|SUNSURIA-WA|0.055|0.000|0.000|0.000|0.00|0
5211|SUNWAY|1.640|1.640|1.620|-0.020|-1.22|12,564
5211CR|SUNWAY-CR|0.035|0.000|0.000|0.000|0.00|0
5211CS|SUNWAY-CS|0.035|0.000|0.000|0.000|0.00|0
5211WB|SUNWAY-WB|0.275|0.275|0.275|0.000|0.00|622
0148|SUNZEN|0.180|0.170|0.170|-0.010|-5.56|300
0148WA|SUNZEN-WA|0.060|0.060|0.055|-0.005|-8.33|973
0148WB|SUNZEN-WB|0.040|0.045|0.045|+0.005|+12.50|100
7235|SUPERLN|1.350|1.350|1.360|+0.010|+0.74|2,700
7106|SUPERMX|1.540|1.530|1.520|-0.020|-1.30|30,632
710648|SUPERMX-C48|0.005|0.000|0.000|0.000|0.00|0
710650|SUPERMX-C50|0.005|0.000|0.000|0.000|0.00|0
710651|SUPERMX-C51|0.005|0.000|0.000|0.000|0.00|0
710652|SUPERMX-C52|0.025|0.020|0.020|-0.005|-20.00|2,100
710653|SUPERMX-C53|0.005|0.000|0.000|0.000|0.00|0
710654|SUPERMX-C54|0.095|0.000|0.000|0.000|0.00|0
710655|SUPERMX-C55|0.045|0.055|0.045|0.000|0.00|2,600
710656|SUPERMX-C56|0.105|0.105|0.105|0.000|0.00|4,462
710657|SUPERMX-C57|0.100|0.000|0.000|0.000|0.00|0
710658|SUPERMX-C58|0.065|0.065|0.060|-0.005|-7.69|1,752
710659|SUPERMX-C59|0.090|0.085|0.085|-0.005|-5.56|120
710660|SUPERMX-C60|0.040|0.040|0.040|0.000|0.00|220
710661|SUPERMX-C61|0.045|0.000|0.000|0.000|0.00|0
710662|SUPERMX-C62|0.075|0.075|0.075|0.000|0.00|7,495
710663|SUPERMX-C63|0.070|0.000|0.000|0.000|0.00|0
710664|SUPERMX-C64|0.095|0.000|0.000|0.000|0.00|0
710665|SUPERMX-C65|0.105|0.000|0.000|0.000|0.00|0
710666|SUPERMX-C66|0.150|0.000|0.000|0.000|0.00|0
03018|SUPREME|0.680|0.000|0.000|0.000|0.00|0
6521|SURIA|1.400|1.400|1.420|+0.020|+1.43|209
5135|SWKPLNT|1.540|1.560|1.560|+0.020|+1.30|120
7186|SWSCAP|0.660|0.640|0.655|-0.005|-0.76|110
7186WB|SWSCAP-WB|0.070|0.000|0.000|0.000|0.00|0
9717|SYCAL|0.230|0.230|0.225|-0.005|-2.17|1,300
7082|SYF|0.235|0.230|0.225|-0.010|-4.26|1,157
7082WB|SYF-WB|0.015|0.010|0.010|-0.005|-33.33|2,397
1538|SYMLIFE|0.400|0.395|0.395|-0.005|-1.25|210
1538WB|SYMLIFE-WB|0.035|0.030|0.035|0.000|0.00|2,605
5173|SYSCORP|0.315|0.310|0.310|-0.005|-1.59|650
0050|SYSTECH|0.235|0.230|0.230|-0.005|-2.13|2,810
7228|T7GLOBAL|0.535|0.545|0.540|+0.005|+0.93|133,951
4898|TA|0.620|0.620|0.615|-0.005|-0.81|14,111
5012|TAANN|2.500|2.480|2.450|-0.050|-2.00|884
5012CM|TAANN-CM|0.080|0.000|0.000|0.000|0.00|0
4022|TADMAX|0.235|0.240|0.235|0.000|0.00|4,090
7211|TAFI|0.300|0.000|0.000|0.000|0.00|0
5158|TAGB|0.245|0.250|0.250|+0.005|+2.04|7,589
6139|TAKAFUL|4.500|4.490|4.520|+0.020|+0.44|3,231
6139CC|TAKAFUL-CC|0.060|0.000|0.000|0.000|0.00|0
6139CD|TAKAFUL-CD|0.150|0.000|0.000|0.000|0.00|0
2259|TALAMT|0.040|0.035|0.035|-0.005|-12.50|47,707
8524|TALIWRK|0.850|0.850|0.865|+0.015|+1.76|4,056
8524CE|TALIWRK-CE|0.150|0.130|0.130|-0.020|-13.33|2,397
5191|TAMBUN|0.765|0.765|0.770|+0.005|+0.65|947
2429|TANCO|0.050|0.000|0.000|0.000|0.00|0
2429WB|TANCO-WB|0.025|0.000|0.000|0.000|0.00|0
5149|TAS|0.270|0.270|0.265|-0.005|-1.85|1,034
5140|TASCO|1.430|1.420|1.410|-0.020|-1.40|352
4448|TASEK|5.170|5.270|4.950|-0.220|-4.26|885
4448P|TASEK-PA|10.100|0.000|0.000|0.000|0.00|0
7097|TAWIN|0.470|0.465|0.455|-0.015|-3.19|2,850
4405|TCHONG|1.640|1.630|1.690|+0.050|+3.05|81
0132|TDEX|0.075|0.075|0.075|0.000|0.00|1,301
2054|TDM|0.185|0.180|0.185|0.000|0.00|18,365
0084|TECFAST|0.350|0.360|0.335|-0.015|-4.29|4,683
7439|TECGUAN|1.290|1.290|1.210|-0.080|-6.20|1,743
5289|TECHBND|0.760|0.760|0.765|+0.005|+0.66|6,185
7200|TEKSENG|0.255|0.245|0.245|-0.010|-3.92|40
7200WA|TEKSENG-WA|0.065|0.060|0.060|-0.005|-7.69|1,300
5347|TENAGA|12.820|12.840|12.700|-0.120|-0.94|50,504
534747|TENAGA-C47|0.050|0.000|0.000|0.000|0.00|0
534749|TENAGA-C49|0.005|0.005|0.005|0.000|0.00|154
534750|TENAGA-C50|0.050|0.045|0.045|-0.005|-10.00|10,080
534751|TENAGA-C51|0.035|0.035|0.035|0.000|0.00|1,580
534752|TENAGA-C52|0.040|0.000|0.000|0.000|0.00|0
534753|TENAGA-C53|0.055|0.055|0.055|0.000|0.00|10,150
534754|TENAGA-C54|0.115|0.110|0.110|-0.005|-4.35|6,302
0546C7|TENCENT-C7|0.190|0.165|0.160|-0.030|-15.79|29,526
7252|TEOSENG|1.180|1.170|1.220|+0.040|+3.39|9,602
7252WA|TEOSENG-WA|0.235|0.240|0.235|0.000|0.00|810
8702|TEXCHEM|0.640|0.640|0.640|0.000|0.00|190
0089|TEXCYCL|0.535|0.535|0.535|0.000|0.00|120
0145|TFP|0.095|0.095|0.095|0.000|0.00|210
9369|TGL|0.950|0.000|0.000|0.000|0.00|0
7034|TGUAN|2.650|2.600|2.650|0.000|0.00|686
7034LA|TGUAN-LA|2.550|0.000|0.000|0.000|0.00|0
7034WA|TGUAN-WA|1.060|1.070|1.070|+0.010|+0.94|307
9075|THETA|0.425|0.420|0.445|+0.020|+4.71|2,005
7206|THHEAVY|0.055|0.055|0.055|0.000|0.00|24,221
7206PB|THHEAVY-PB|0.015|0.000|0.000|0.000|0.00|0
5112|THPLANT|0.510|0.525|0.510|0.000|0.00|383
7889|THRIVEN|0.220|0.220|0.215|-0.005|-2.27|2,800
7889WB|THRIVEN-WB|0.065|0.000|0.000|0.000|0.00|0
7374|TIENWAH|1.340|0.000|0.000|0.000|0.00|0
7079|TIGER|0.080|0.075|0.075|-0.005|-6.25|25,044
7079WC|TIGER-WC|0.020|0.000|0.000|0.000|0.00|0
5031|TIMECOM|8.480|8.470|8.600|+0.120|+1.42|11,991
7854|TIMWELL|0.640|0.000|0.000|0.000|0.00|0
5239|TITIJYA|0.320|0.320|0.320|0.000|0.00|563
5239PA|TITIJYA-PA|0.035|0.035|0.035|0.000|0.00|5,000
4863|TM|3.200|3.190|3.180|-0.020|-0.63|55,749
486327|TM-C27|0.005|0.000|0.000|0.000|0.00|0
486328|TM-C28|0.010|0.000|0.000|0.000|0.00|0
486329|TM-C29|0.005|0.000|0.000|0.000|0.00|0
486330|TM-C30|0.045|0.000|0.000|0.000|0.00|0
486331|TM-C31|0.050|0.000|0.000|0.000|0.00|0
486332|TM-C32|0.015|0.000|0.000|0.000|0.00|0
486333|TM-C33|0.065|0.000|0.000|0.000|0.00|0
486334|TM-C34|0.100|0.000|0.000|0.000|0.00|0
486335|TM-C35|0.120|0.120|0.120|0.000|0.00|32,000
486336|TM-C36|0.205|0.000|0.000|0.000|0.00|0
486337|TM-C37|0.375|0.000|0.000|0.000|0.00|0
486338|TM-C38|0.200|0.000|0.000|0.000|0.00|0
486339|TM-C39|0.250|0.245|0.245|-0.005|-2.00|3,100
486340|TM-C40|0.160|0.160|0.160|0.000|0.00|9,000
0101|TMCLIFE|0.735|0.730|0.730|-0.005|-0.68|2,611
0101WB|TMCLIFE-WB|0.030|0.020|0.020|-0.010|-33.33|3,514
8397|TNLOGIS|0.620|0.610|0.620|0.000|0.00|1,839
7218|TOCEAN|0.750|0.750|0.745|-0.005|-0.67|66
7230|TOMEI|0.530|0.000|0.000|0.000|0.00|0
7285|TOMYPAK|0.525|0.520|0.485|-0.040|-7.62|29,738
7285WA|TOMYPAK-WA|0.185|0.180|0.160|-0.025|-13.51|3,515
5010|TONGHER|3.660|3.590|3.600|-0.060|-1.64|199
7113|TOPGLOV|4.590|4.600|4.590|0.000|0.00|48,011
711333|TOPGLOV-C33|0.005|0.000|0.000|0.000|0.00|0
711340|TOPGLOV-C40|0.010|0.000|0.000|0.000|0.00|0
711341|TOPGLOV-C41|0.015|0.010|0.010|-0.005|-33.33|400
711342|TOPGLOV-C42|0.030|0.030|0.030|0.000|0.00|21,130
711343|TOPGLOV-C43|0.045|0.000|0.000|0.000|0.00|0
711344|TOPGLOV-C44|0.040|0.035|0.035|-0.005|-12.50|5,866
711345|TOPGLOV-C45|0.100|0.095|0.095|-0.005|-5.00|3,897
711346|TOPGLOV-C46|0.090|0.090|0.090|0.000|0.00|58,777
711347|TOPGLOV-C47|0.110|0.110|0.105|-0.005|-4.55|6,100
711348|TOPGLOV-C48|0.080|0.080|0.080|0.000|0.00|130
711349|TOPGLOV-C49|0.155|0.155|0.150|-0.005|-3.23|7,600
711350|TOPGLOV-C50|0.110|0.000|0.000|0.000|0.00|0
03013|TOPVISN|0.380|0.390|0.390|+0.010|+2.63|50
7173|TOYOINK|0.630|0.635|0.640|+0.010|+1.59|530
7173WB|TOYOINK-WB|0.095|0.095|0.100|+0.005|+5.26|1,471
7176|TPC|0.420|0.000|0.000|0.000|0.00|0
7176WA|TPC-WA|0.210|0.000|0.000|0.000|0.00|0
5054|TRC|0.535|0.530|0.535|0.000|0.00|75,789
0199|TRIMODE|0.445|0.425|0.435|-0.010|-2.25|1,244
0118|TRIVE|0.020|0.015|0.015|-0.005|-25.00|257,570
0118WB|TRIVE-WB|0.005|0.000|0.000|0.000|0.00|0
5401|TROP|0.875|0.870|0.890|+0.015|+1.71|4,410
5401WA|TROP-WA|0.025|0.000|0.000|0.000|0.00|0
9059|TSH|1.100|1.100|1.100|0.000|0.00|50
5042|TSRCAP|0.410|0.400|0.400|-0.010|-2.44|25
5042WB|TSRCAP-WB|0.045|0.000|0.000|0.000|0.00|0
5230|TUNEPRO|0.645|0.650|0.665|+0.020|+3.10|26,056
5167|TURBO|0.745|0.730|0.745|0.000|0.00|94
4359|TURIYA|0.125|0.130|0.130|+0.005|+4.00|100
5111|TWRREIT|0.900|0.000|0.000|0.000|0.00|0
7100|UCHITEC|2.720|2.710|2.810|+0.090|+3.31|3,774
7100CD|UCHITEC-CD|0.005|0.000|0.000|0.000|0.00|0
7100CE|UCHITEC-CE|0.025|0.000|0.000|0.000|0.00|0
7100CF|UCHITEC-CF|0.150|0.105|0.105|-0.045|-30.00|11,992
0005|UCREST|0.260|0.260|0.270|+0.010|+3.85|88,890
5148|UEMS|0.840|0.835|0.835|-0.005|-0.60|6,953
514864|UEMS-C64|0.040|0.000|0.000|0.000|0.00|0
514865|UEMS-C65|0.085|0.000|0.000|0.000|0.00|0
514866|UEMS-C66|0.070|0.000|0.000|0.000|0.00|0
7133|ULICORP|0.450|0.445|0.445|-0.005|-1.11|1,874
2593|UMCCA|5.500|5.500|5.470|-0.030|-0.55|630
7137|UMS|2.450|2.450|2.450|0.000|0.00|80
7227|UMSNGB|1.040|1.020|1.040|0.000|0.00|701
4588|UMW|5.750|5.700|5.640|-0.110|-1.91|27,772
458810|UMW-C10|0.005|0.000|0.000|0.000|0.00|0
458811|UMW-C11|0.035|0.000|0.000|0.000|0.00|0
458812|UMW-C12|0.210|0.000|0.000|0.000|0.00|0
458813|UMW-C13|0.195|0.200|0.190|-0.005|-2.56|16
458814|UMW-C14|0.195|0.000|0.000|0.000|0.00|0
458815|UMW-C15|0.200|0.200|0.190|-0.010|-5.00|2,838
458816|UMW-C16|0.115|0.105|0.110|-0.005|-4.35|1,600
458817|UMW-C17|0.115|0.110|0.105|-0.010|-8.70|2,536
4588C9|UMW-C9|0.025|0.000|0.000|0.000|0.00|0
7091|UNIMECH|1.040|1.020|1.020|-0.020|-1.92|1,898
5005|UNISEM|2.770|2.770|2.780|+0.010|+0.36|245
500511|UNISEM-C11|0.220|0.000|0.000|0.000|0.00|0
500512|UNISEM-C12|0.060|0.015|0.015|-0.045|-75.00|100
500513|UNISEM-C13|0.065|0.000|0.000|0.000|0.00|0
500514|UNISEM-C14|0.045|0.000|0.000|0.000|0.00|0
500515|UNISEM-C15|0.060|0.000|0.000|0.000|0.00|0
03017|UNIWALL|0.300|0.000|0.000|0.000|0.00|0
5200|UOADEV|2.180|2.180|2.170|-0.010|-0.46|430
5110|UOAREIT|1.370|1.370|1.370|0.000|0.00|196
7757|UPA|2.180|2.160|2.160|-0.020|-0.92|20
2089|UTDPLT|27.400|27.380|27.400|0.000|0.00|161
5754|UTUSAN|0.180|0.180|0.175|-0.005|-2.78|218
7250|UZMA|1.020|1.020|1.020|0.000|0.00|13,049
0060|VC|0.130|0.130|0.135|+0.005|+3.85|1,250
5243|VELESTO|0.270|0.270|0.265|-0.005|-1.85|70,932
524324|VELESTO-C24|0.215|0.000|0.000|0.000|0.00|0
524325|VELESTO-C25|0.020|0.000|0.000|0.000|0.00|0
524326|VELESTO-C26|0.085|0.000|0.000|0.000|0.00|0
524327|VELESTO-C27|0.090|0.090|0.085|-0.005|-5.56|688
5243WA|VELESTO-WA|0.095|0.095|0.095|0.000|0.00|26,517
4995|VERSATL|0.415|0.395|0.445|+0.030|+7.23|621
7240|VERTICE|0.910|0.910|0.910|0.000|0.00|5,755
7240WA|VERTICE-WA|0.520|0.535|0.510|-0.010|-1.92|627
0120|VIS|0.530|0.530|0.525|-0.005|-0.94|14,940
0120WB|VIS-WB|0.195|0.195|0.195|0.000|0.00|1,665
0097|VITROX|7.290|7.270|7.270|-0.020|-0.27|7,206
0097CL|VITROX-CL|0.045|0.000|0.000|0.000|0.00|0
0097CM|VITROX-CM|0.065|0.060|0.060|-0.005|-7.69|10
0069|VIVOCOM|0.015|0.020|0.015|0.000|0.00|24,079
0069WC|VIVOCOM-WC|0.005|0.000|0.000|0.000|0.00|0
0069WD|VIVOCOM-WD|0.005|0.000|0.000|0.000|0.00|0
0069WE|VIVOCOM-WE|0.010|0.000|0.000|0.000|0.00|0
7070|VIZIONE|0.990|0.990|0.975|-0.015|-1.52|15,163
7070LA|VIZIONE-LA|0.070|0.000|0.000|0.000|0.00|0
7070WC|VIZIONE-WC|0.400|0.000|0.000|0.000|0.00|0
6963|VS|1.040|1.030|1.030|-0.010|-0.96|305,520
696310|VS-C10|0.110|0.110|0.105|-0.005|-4.55|87,989
696311|VS-C11|0.205|0.000|0.000|0.000|0.00|0
696312|VS-C12|0.090|0.090|0.090|0.000|0.00|21,200
696313|VS-C13|0.110|0.115|0.110|0.000|0.00|27,768
6963C5|VS-C5|0.005|0.000|0.000|0.000|0.00|0
6963C6|VS-C6|0.005|0.000|0.000|0.000|0.00|0
6963C7|VS-C7|0.005|0.000|0.000|0.000|0.00|0
6963C8|VS-C8|0.180|0.175|0.175|-0.005|-2.78|400
6963C9|VS-C9|0.145|0.150|0.145|0.000|0.00|25,242
0066|VSOLAR|0.210|0.210|0.205|-0.005|-2.38|98,767
5162|VSTECS|0.990|0.990|0.990|0.000|0.00|100
7203|WANGZNG|1.200|0.000|0.000|0.000|0.00|0
5016|WARISAN|2.130|0.000|0.000|0.000|0.00|0
5142|WASEONG|0.805|0.800|0.790|-0.015|-1.86|3,248
7226|WATTA|0.840|0.840|0.845|+0.005|+0.60|780
3565|WCEHB|0.500|0.500|0.545|+0.045|+9.00|18,181
9679|WCT|0.810|0.810|0.815|+0.005|+0.62|10,861
967914|WCT-C14|0.010|0.000|0.000|0.000|0.00|0
967915|WCT-C15|0.015|0.000|0.000|0.000|0.00|0
967916|WCT-C16|0.040|0.000|0.000|0.000|0.00|0
9679WE|WCT-WE|0.075|0.070|0.070|-0.005|-6.67|2,210
0197|WEGMANS|0.320|0.320|0.320|0.000|0.00|5,220
0197WA|WEGMANS-WA|0.145|0.145|0.140|-0.005|-3.45|1,417
7231|WELLCAL|1.290|1.290|1.300|+0.010|+0.78|893
0162|WIDAD|0.335|0.335|0.335|0.000|0.00|59,337
0162WA|WIDAD-WA|0.125|0.120|0.125|0.000|0.00|10,051
7692|WIDETEC|0.540|0.000|0.000|0.000|0.00|0
0008|WILLOW|0.455|0.470|0.445|-0.010|-2.20|2,442
0141|WINTONI|0.035|0.000|0.000|0.000|0.00|0
6378|WMG|0.120|0.000|0.000|0.000|0.00|0
7050|WONG|0.600|0.580|0.600|0.000|0.00|321
7025|WOODLAN|0.750|0.000|0.000|0.000|0.00|0
5246|WPRTS|3.780|3.750|3.750|-0.030|-0.79|1,677
5246CX|WPRTS-CX|0.050|0.000|0.000|0.000|0.00|0
5246CY|WPRTS-CY|0.145|0.000|0.000|0.000|0.00|0
5009|WTHORSE|1.270|1.240|1.250|-0.020|-1.57|197
4243|WTK|0.585|0.585|0.585|0.000|0.00|10,257
7245|WZSATU|0.320|0.320|0.320|0.000|0.00|8,035
7245WA|WZSATU-WA|0.120|0.125|0.120|0.000|0.00|590
5156|XDL|0.105|0.105|0.100|-0.005|-4.76|206,662
5156WD|XDL-WD|0.020|0.000|0.000|0.000|0.00|0
7121|XIANLNG|0.460|0.000|0.000|0.000|0.00|0
0581C1|XIAOMI-C1|0.025|0.000|0.000|0.000|0.00|0
0581C2|XIAOMI-C2|0.220|0.210|0.210|-0.010|-4.55|2,612
0095|XINGHE|0.030|0.030|0.035|+0.005|+16.67|59,199
0095WA|XINGHE-WA|0.005|0.000|0.000|0.000|0.00|0
5267|XINHWA|0.890|0.875|0.875|-0.015|-1.69|2,098
5155|XINQUAN|0.055|0.000|0.000|0.000|0.00|0
5155WA|XINQUAN-WA|0.005|0.000|0.000|0.000|0.00|0
5155WB|XINQUAN-WB|0.015|0.000|0.000|0.000|0.00|0
0165|XOX|0.055|0.055|0.050|-0.005|-9.09|6,827
7003|Y&G|0.910|0.000|0.000|0.000|0.00|0
7003WA|Y&G-WA|0.100|0.000|0.000|0.000|0.00|0
0025|YBS|0.140|0.145|0.140|0.000|0.00|220
5584|YEELEE|1.860|1.870|1.870|+0.010|+0.54|190
7122|YFG|0.005|0.000|0.000|0.000|0.00|0
0086|YGL|0.125|0.130|0.120|-0.005|-4.00|3,352
5048|YILAI|0.610|0.610|0.610|0.000|0.00|51
7293|YINSON|4.500|4.470|4.450|-0.050|-1.11|17,120
7293CT|YINSON-CT|0.040|0.000|0.000|0.000|0.00|0
7293CU|YINSON-CU|0.075|0.000|0.000|0.000|0.00|0
7293CV|YINSON-CV|0.055|0.000|0.000|0.000|0.00|0
7293CW|YINSON-CW|0.150|0.000|0.000|0.000|0.00|0
7020|YKGI|0.110|0.110|0.105|-0.005|-4.55|3,009
7020WB|YKGI-WB|0.020|0.015|0.020|0.000|0.00|2,663
7014|YLI|0.255|0.260|0.260|+0.005|+1.96|2
3158|YNHPROP|1.230|1.250|1.230|0.000|0.00|32,972
5159|YOCB|1.190|1.180|1.180|-0.010|-0.84|3,922
7066|YONGTAI|0.375|0.370|0.355|-0.020|-5.33|118,991
7066PA|YONGTAI-PA|0.205|0.210|0.200|-0.005|-2.44|4,974
7066WA|YONGTAI-WA|0.100|0.105|0.105|+0.005|+5.00|14,370
7178|YSPSAH|2.850|2.880|2.900|+0.050|+1.75|940
4677|YTL|1.090|1.090|1.080|-0.010|-0.92|22,472
467722|YTL-C22|0.050|0.000|0.000|0.000|0.00|0
467723|YTL-C23|0.065|0.060|0.065|0.000|0.00|102
467724|YTL-C24|0.150|0.000|0.000|0.000|0.00|0
2577|YTLLAND|0.390|0.390|0.390|0.000|0.00|276
2577LA|YTLLAND-LA|0.360|0.000|0.000|0.000|0.00|0
6742|YTLPOWR|0.880|0.880|0.870|-0.010|-1.14|15,103
6742C5|YTLPOWR-C5|0.005|0.000|0.000|0.000|0.00|0
6742C6|YTLPOWR-C6|0.060|0.055|0.055|-0.005|-8.33|1,600
6742C7|YTLPOWR-C7|0.150|0.000|0.000|0.000|0.00|0
5109|YTLREIT|1.270|1.270|1.280|+0.010|+0.79|1,177
7028|ZECON|0.260|0.260|0.255|-0.005|-1.92|10,602
2283|ZELAN|0.085|0.085|0.090|+0.005|+5.88|17,715
5131|ZHULIAN|1.380|1.350|1.370|-0.010|-0.72|102
0012|3A|0.840|0.840|0.855|+0.015|+1.79|1,050
