070322|A50CHIN-C22|0.310|0.290|0.300|-0.010|-3.23|32,828
070324|A50CHIN-C24|0.915|0.910|0.910|-0.005|-0.55|100
070326|A50CHIN-C26|0.505|0.000|0.000|0.000|0.00|0
070328|A50CHIN-C28|0.295|0.295|0.295|0.000|0.00|11,166
070330|A50CHIN-C30|0.420|0.400|0.410|-0.010|-2.38|166,114
070332|A50CHIN-C32|0.940|0.950|0.870|-0.070|-7.45|51
070334|A50CHIN-C34|0.915|1.060|1.060|+0.145|+15.85|54
070336|A50CHIN-C36|0.610|0.620|0.620|+0.010|+1.64|774
070321|A50CHIN-H21|0.050|0.000|0.000|0.000|0.00|0
070323|A50CHIN-H23|0.005|0.000|0.000|0.000|0.00|0
070325|A50CHIN-H25|0.035|0.000|0.000|0.000|0.00|0
070327|A50CHIN-H27|0.065|0.075|0.070|+0.005|+7.69|15,053
7054|AASIA|0.145|0.000|0.000|0.000|0.00|0
5238|AAX|0.250|0.245|0.245|-0.005|-2.00|63,812
523820|AAX-C20|0.005|0.000|0.000|0.000|0.00|0
523821|AAX-C21|0.005|0.000|0.000|0.000|0.00|0
5238WA|AAX-WA|0.055|0.050|0.055|0.000|0.00|2,207
0800EA|ABFMY1|1.167|0.000|0.000|0.000|0.00|0
7086|ABLEGRP|0.070|0.070|0.070|0.000|0.00|65
2488|ABMB|4.200|4.160|4.230|+0.030|+0.71|6,929
2488CY|ABMB-CY|0.100|0.000|0.000|0.000|0.00|0
7131|ACME|0.230|0.000|0.000|0.000|0.00|0
7120|ACOSTEC|0.440|0.430|0.435|-0.005|-1.14|14,706
5281|ADVCON|0.345|0.345|0.350|+0.005|+1.45|2,964
7191|ADVENTA|0.360|0.360|0.355|-0.005|-1.39|58
9148|ADVPKG|1.900|0.000|0.000|0.000|0.00|0
7146|AEM|0.120|0.120|0.120|0.000|0.00|1,300
7146WA|AEM-WA|0.005|0.005|0.005|0.000|0.00|7,765
0181|AEMULUS|0.250|0.250|0.245|-0.005|-2.00|6,275
6599|AEON|1.620|1.630|1.610|-0.010|-0.62|10,373
6599CO|AEON-CO|0.060|0.000|0.000|0.000|0.00|0
6599CP|AEON-CP|0.050|0.000|0.000|0.000|0.00|0
6599CQ|AEON-CQ|0.030|0.000|0.000|0.000|0.00|0
5139|AEONCR|16.800|16.840|16.980|+0.180|+1.07|760
5139LA|AEONCR-LA|1.500|1.500|1.500|0.000|0.00|300
5185|AFFIN|2.300|2.310|2.310|+0.010|+0.43|503
5198|AFUJIYA|0.535|0.000|0.000|0.000|0.00|0
7315|AHB|0.135|0.130|0.130|-0.005|-3.70|2,075
7315WB|AHB-WB|0.005|0.005|0.005|0.000|0.00|2,500
7090|AHEALTH|9.790|9.780|9.770|-0.020|-0.20|427
4952|AHP|0.770|0.765|0.735|-0.035|-4.55|130
0122|AIM|0.280|0.000|0.000|0.000|0.00|0
5099|AIRASIA|2.810|2.800|2.790|-0.020|-0.71|102,196
509959|AIRASIAC59|0.025|0.000|0.000|0.000|0.00|0
509967|AIRASIAC67|0.115|0.100|0.095|-0.020|-17.39|9,470
509968|AIRASIAC68|0.010|0.000|0.000|0.000|0.00|0
509969|AIRASIAC69|0.040|0.030|0.030|-0.010|-25.00|1,100
509970|AIRASIAC70|0.020|0.020|0.020|0.000|0.00|2,500
509971|AIRASIAC71|0.090|0.085|0.085|-0.005|-5.56|11,553
509972|AIRASIAC72|0.185|0.175|0.180|-0.005|-2.70|8,325
509973|AIRASIAC73|0.205|0.195|0.195|-0.010|-4.88|7,800
509974|AIRASIAC74|0.280|0.000|0.000|0.000|0.00|0
509975|AIRASIAC75|0.130|0.125|0.130|0.000|0.00|1,600
509976|AIRASIAC76|0.075|0.000|0.000|0.000|0.00|0
509977|AIRASIAC77|0.075|0.075|0.075|0.000|0.00|58,859
509978|AIRASIAC78|0.090|0.090|0.095|+0.005|+5.56|4,000
509979|AIRASIAC79|0.055|0.055|0.050|-0.005|-9.09|104
509980|AIRASIAC80|0.050|0.045|0.050|0.000|0.00|1,000
5014|AIRPORT|8.030|7.950|7.990|-0.040|-0.50|25,976
5014C2|AIRPORT-C2|0.025|0.000|0.000|0.000|0.00|0
5014C3|AIRPORT-C3|0.035|0.000|0.000|0.000|0.00|0
5014C4|AIRPORT-C4|0.050|0.050|0.050|0.000|0.00|150
5014C5|AIRPORT-C5|0.075|0.070|0.070|-0.005|-6.67|1,800
5014C6|AIRPORT-C6|0.160|0.000|0.000|0.000|0.00|0
5014C7|AIRPORT-C7|0.105|0.105|0.105|0.000|0.00|1,000
2682|AISB|0.260|0.000|0.000|0.000|0.00|0
2658|AJI|18.620|18.600|18.600|-0.020|-0.11|28
7609|AJIYA|0.525|0.520|0.555|+0.030|+5.71|221
7609WA|AJIYA-WA|0.105|0.105|0.095|-0.010|-9.52|201
5115|ALAM|0.100|0.100|0.105|+0.005|+5.00|7,100
5116|ALAQAR|1.350|1.360|1.370|+0.020|+1.48|850
2674|ALCOM|0.535|0.510|0.515|-0.020|-3.74|1,151
1163|ALLIANZ|14.300|14.300|14.300|0.000|0.00|1,316
1163PA|ALLIANZ-PA|14.300|0.000|0.000|0.000|0.00|0
5269|ALSREIT|0.805|0.815|0.825|+0.020|+2.48|243
1015|AMBANK|4.500|4.450|4.490|-0.010|-0.22|28,392
101510|AMBANK-C10|0.190|0.000|0.000|0.000|0.00|0
101511|AMBANK-C11|0.180|0.000|0.000|0.000|0.00|0
101512|AMBANK-C12|0.150|0.000|0.000|0.000|0.00|0
101513|AMBANK-C13|0.095|0.095|0.095|0.000|0.00|500
0159|AMEDIA|0.155|0.155|0.155|0.000|0.00|820
5120|AMFIRST|0.530|0.535|0.530|0.000|0.00|5,330
03011|AMLEX|0.180|0.000|0.000|0.000|0.00|0
1007|AMPROP|0.525|0.525|0.530|+0.005|+0.95|952
1007PA|AMPROP-PA|0.250|0.250|0.255|+0.005|+2.00|29
1007PB|AMPROP-PB|0.580|0.000|0.000|0.000|0.00|0
7051|AMTEK|0.275|0.000|0.000|0.000|0.00|0
7031|AMTEL|0.655|0.660|0.665|+0.010|+1.53|3,095
5959|AMVERTON|1.000|1.000|1.000|0.000|0.00|120
6351|AMWAY|6.150|6.130|6.150|0.000|0.00|937
7083|ANALABS|1.200|0.000|0.000|0.000|0.00|0
4758|ANCOM|0.485|0.490|0.505|+0.020|+4.12|4,769
0048|ANCOMLB|0.085|0.085|0.100|+0.015|+17.65|4,947
6556|ANNJOO|1.510|1.490|1.490|-0.020|-1.32|4,899
6556PA|ANNJOO-PA|0.500|0.000|0.000|0.000|0.00|0
9342|ANZO|0.040|0.040|0.035|-0.005|-12.50|2,040
9342WA|ANZO-WA|0.005|0.000|0.000|0.000|0.00|0
9342WB|ANZO-WB|0.025|0.000|0.000|0.000|0.00|0
9342WC|ANZO-WC|0.005|0.000|0.000|0.000|0.00|0
5568|APB|0.790|0.000|0.000|0.000|0.00|0
5088|APEX|1.000|0.990|0.985|-0.015|-1.50|120
5194|APFT|0.015|0.020|0.020|+0.005|+33.33|90,300
5015|APM|3.000|3.200|3.000|0.000|0.00|273
6432|APOLLO|3.850|3.830|3.850|0.000|0.00|83
0119|APPASIA|0.090|0.090|0.090|0.000|0.00|10,082
0119WA|APPASIA-WA|0.040|0.040|0.040|0.000|0.00|921
7214|ARANK|0.520|0.520|0.520|0.000|0.00|400
7007|ARK|0.495|0.495|0.495|0.000|0.00|50
7007WB|ARK-WB|0.090|0.000|0.000|0.000|0.00|0
5210|ARMADA|0.175|0.170|0.170|-0.005|-2.86|755,309
521040|ARMADA-C40|0.005|0.000|0.000|0.000|0.00|0
521043|ARMADA-C43|0.005|0.000|0.000|0.000|0.00|0
521045|ARMADA-C45|0.005|0.000|0.000|0.000|0.00|0
521046|ARMADA-C46|0.005|0.000|0.000|0.000|0.00|0
521047|ARMADA-C47|0.005|0.000|0.000|0.000|0.00|0
521048|ARMADA-C48|0.005|0.000|0.000|0.000|0.00|0
521049|ARMADA-C49|0.010|0.005|0.005|-0.005|-50.00|14,850
521050|ARMADA-C50|0.015|0.000|0.000|0.000|0.00|0
5127|ARREIT|0.850|0.850|0.850|0.000|0.00|490
1481|ASB|0.130|0.130|0.135|+0.005|+3.85|10,653
0068|ASDION|0.245|0.250|0.250|+0.005|+2.04|14,673
0068WB|ASDION-WB|0.005|0.005|0.005|0.000|0.00|20,700
7722|ASIABRN|0.465|0.000|0.000|0.000|0.00|0
7129|ASIAFLE|2.550|2.560|2.600|+0.050|+1.96|80
4057|ASIAPAC|0.120|0.115|0.115|-0.005|-4.17|150
4057LC|ASIAPAC-LC|0.600|0.000|0.000|0.000|0.00|0
4057WB|ASIAPAC-WB|0.055|0.000|0.000|0.000|0.00|0
0105|ASIAPLY|0.075|0.075|0.080|+0.005|+6.67|3,479
0105PA|ASIAPLY-PA|0.040|0.035|0.035|-0.005|-12.50|1,500
0105WA|ASIAPLY-WA|0.020|0.000|0.000|0.000|0.00|0
0105WB|ASIAPLY-WB|0.030|0.025|0.025|-0.005|-16.67|125
7162|ASTINO|0.675|0.675|0.675|0.000|0.00|3,265
6399|ASTRO|1.650|1.640|1.650|0.000|0.00|10,148
639910|ASTRO-C10|0.140|0.000|0.000|0.000|0.00|0
639911|ASTRO-C11|0.125|0.000|0.000|0.000|0.00|0
639912|ASTRO-C12|0.110|0.000|0.000|0.000|0.00|0
639913|ASTRO-C13|0.100|0.000|0.000|0.000|0.00|0
639914|ASTRO-C14|0.080|0.000|0.000|0.000|0.00|0
0072|AT|0.050|0.050|0.050|0.000|0.00|400
0072WB|AT-WB|0.005|0.000|0.000|0.000|0.00|0
8176|ATAIMS|1.720|1.720|1.730|+0.010|+0.58|23,323
7048|ATLAN|4.400|0.000|0.000|0.000|0.00|0
5130|ATRIUM|1.130|1.110|1.130|0.000|0.00|125
7099|ATTA|0.610|0.610|0.610|0.000|0.00|316
7099LA|ATTA-LA|0.090|0.080|0.080|-0.010|-11.11|801
7099PA|ATTA-PA|0.125|0.120|0.120|-0.005|-4.00|135
7099WB|ATTA-WB|0.090|0.000|0.000|0.000|0.00|0
7099WC|ATTA-WC|0.095|0.000|0.000|0.000|0.00|0
7181|ATURMJU|0.420|0.460|0.480|+0.060|+14.29|74,451
7181PA|ATURMJU-PA|0.140|0.175|0.150|+0.010|+7.14|286,475
8885|AVI|0.235|0.235|0.240|+0.005|+2.13|280
7579|AWC|0.760|0.765|0.770|+0.010|+1.32|14,345
7579WA|AWC-WA|0.205|0.205|0.205|0.000|0.00|4,706
6888|AXIATA|4.150|4.100|4.140|-0.010|-0.24|24,423
688828|AXIATA-C28|0.020|0.000|0.000|0.000|0.00|0
688829|AXIATA-C29|0.005|0.000|0.000|0.000|0.00|0
688830|AXIATA-C30|0.040|0.000|0.000|0.000|0.00|0
688831|AXIATA-C31|0.040|0.000|0.000|0.000|0.00|0
688832|AXIATA-C32|0.125|0.000|0.000|0.000|0.00|0
688833|AXIATA-C33|0.180|0.175|0.175|-0.005|-2.78|100
688834|AXIATA-C34|0.175|0.165|0.175|0.000|0.00|4
688835|AXIATA-C35|0.155|0.000|0.000|0.000|0.00|0
688836|AXIATA-C36|0.190|0.000|0.000|0.000|0.00|0
5106|AXREIT|1.730|1.720|1.730|0.000|0.00|968
2305|AYER|4.200|4.200|4.200|0.000|0.00|100
5021|AYS|0.340|0.340|0.350|+0.010|+2.94|2,002
7078|AZRB|0.435|0.430|0.430|-0.005|-1.15|58,491
7078WA|AZRB-WA|0.205|0.200|0.200|-0.005|-2.44|5,009
0098|BAHVEST|0.635|0.640|0.615|-0.020|-3.15|128,438
0098WA|BAHVEST-WA|0.360|0.365|0.360|0.000|0.00|48,176
7251|BARAKAH|0.095|0.095|0.090|-0.005|-5.26|116,415
4162|BAT|33.320|33.000|33.580|+0.260|+0.78|3,260
4162CM|BAT-CM|0.045|0.040|0.045|0.000|0.00|500
4162CN|BAT-CN|0.130|0.130|0.130|0.000|0.00|530
5248|BAUTO|2.150|2.180|2.120|-0.030|-1.40|17,776
5248C1|BAUTO-C1|0.060|0.065|0.060|0.000|0.00|1,100
5248CY|BAUTO-CY|0.125|0.000|0.000|0.000|0.00|0
5248CZ|BAUTO-CZ|0.165|0.150|0.150|-0.015|-9.09|80
6602|BCB|0.310|0.310|0.310|0.000|0.00|10
0187|BCMALL|0.200|0.200|0.200|0.000|0.00|7,906
6173|BDB|0.345|0.340|0.330|-0.015|-4.35|941
5190|BENALEC|0.195|0.195|0.195|0.000|0.00|13,872
9814|BERTAM|0.280|0.000|0.000|0.000|0.00|0
8133|BHIC|1.310|1.270|1.290|-0.020|-1.53|275
7005|BIG|0.400|0.400|0.385|-0.015|-3.75|3,091
5258|BIMB|4.300|4.300|4.300|0.000|0.00|1,891
5258WA|BIMB-WA|0.275|0.280|0.270|-0.005|-1.82|3,942
0195|BINACOM|0.405|0.405|0.405|0.000|0.00|4,350
6998|BINTAI|0.135|0.135|0.135|0.000|0.00|1,900
6998WA|BINTAI-WA|0.050|0.045|0.045|-0.005|-10.00|1,000
0179|BIOHLDG|0.205|0.200|0.200|-0.005|-2.44|13,623
0179WA|BIOHLDG-WA|0.080|0.080|0.080|0.000|0.00|2,082
7243|BIOOSMO|0.055|0.055|0.055|0.000|0.00|11,890
5032|BIPORT|4.600|4.600|4.600|0.000|0.00|52
3239|BJASSET|0.310|0.300|0.290|-0.020|-6.45|22,129
3239WB|BJASSET-WB|0.055|0.000|0.000|0.000|0.00|0
3395|BJCORP|0.270|0.270|0.270|0.000|0.00|47,452
339510|BJCORP-C10|0.010|0.000|0.000|0.000|0.00|0
339511|BJCORP-C11|0.030|0.000|0.000|0.000|0.00|0
3395LD|BJCORP-LD|0.350|0.345|0.355|+0.005|+1.43|4,303
3395LE|BJCORP-LE|0.385|0.000|0.000|0.000|0.00|0
3395WB|BJCORP-WB|0.050|0.045|0.045|-0.005|-10.00|22
3395WC|BJCORP-WC|0.075|0.070|0.070|-0.005|-6.67|9,950
5196|BJFOOD|1.380|1.360|1.390|+0.010|+0.72|80
4219|BJLAND|0.270|0.270|0.265|-0.005|-1.85|13,689
6025|BJMEDIA|0.210|0.170|0.210|0.000|0.00|10
1562|BJTOTO|2.440|2.440|2.410|-0.030|-1.23|4,058
1562CW|BJTOTO-CW|0.085|0.085|0.085|0.000|0.00|1,124
1562CX|BJTOTO-CX|0.070|0.000|0.000|0.000|0.00|0
1899|BKAWAN|17.060|17.040|17.460|+0.400|+2.34|8
5069|BLDPLNT|6.960|0.000|0.000|0.000|0.00|0
0508C5|BOC-C5|0.100|0.000|0.000|0.000|0.00|0
0168|BOILERM|0.550|0.550|0.550|0.000|0.00|30
9288|BONIA|0.255|0.255|0.250|-0.005|-1.96|1,236
7036|BORNOIL|0.040|0.040|0.040|0.000|0.00|116,924
7036WC|BORNOIL-WC|0.020|0.015|0.020|0.000|0.00|23,701
7036WD|BORNOIL-WD|0.020|0.015|0.020|0.000|0.00|3,250
6297|BOXPAK|1.130|1.120|1.090|-0.040|-3.54|149
6297WA|BOXPAK-WA|0.175|0.000|0.000|0.000|0.00|0
5254|BPLANT|0.820|0.835|0.820|0.000|0.00|8,579
5100|BPPLAS|1.090|1.100|1.080|-0.010|-0.92|150
5932|BPURI|0.190|0.185|0.195|+0.005|+2.63|108,522
9474|BRAHIMS|0.105|0.105|0.110|+0.005|+4.76|9,901
8761|BREM|0.750|0.750|0.750|0.000|0.00|1,113
9938|BRIGHT|0.180|0.190|0.190|+0.010|+5.56|5
7221|BSLCORP|0.345|0.360|0.340|-0.005|-1.45|251
2771|BSTEAD|1.350|1.340|1.350|0.000|0.00|934
0011|BTECH|0.290|0.290|0.295|+0.005|+1.72|12,840
7188|BTM|0.110|0.105|0.110|0.000|0.00|955
7188WA|BTM-WA|0.020|0.010|0.015|-0.005|-25.00|4,664
7188WB|BTM-WB|0.040|0.000|0.000|0.000|0.00|0
1818|BURSA|7.020|7.010|7.050|+0.030|+0.43|3,833
181820|BURSA-C20|0.020|0.000|0.000|0.000|0.00|0
181821|BURSA-C21|0.110|0.000|0.000|0.000|0.00|0
181822|BURSA-C22|0.080|0.075|0.075|-0.005|-6.25|500
181823|BURSA-C23|0.055|0.060|0.055|0.000|0.00|932
7174|CAB|0.635|0.635|0.635|0.000|0.00|16,207
7174WA|CAB-WA|0.445|0.000|0.000|0.000|0.00|0
0191|CABNET|0.285|0.285|0.295|+0.010|+3.51|5,138
0191WA|CABNET-WA|0.060|0.055|0.060|0.000|0.00|5,500
7154|CAELY|0.980|0.970|0.950|-0.030|-3.06|330
7154WA|CAELY-WA|0.585|0.550|0.585|0.000|0.00|10
7128|CAMRES|0.235|0.000|0.000|0.000|0.00|0
5105|CANONE|2.640|2.660|2.610|-0.030|-1.14|2,467
5229|CAP|0.010|0.000|0.000|0.000|0.00|0
0163|CAREPLS|0.180|0.180|0.180|0.000|0.00|4,684
5257|CARIMIN|0.875|0.860|0.825|-0.050|-5.71|216,625
5245|CARING|1.960|1.840|1.960|0.000|0.00|385
2836|CARLSBG|25.000|25.200|25.560|+0.560|+2.24|3,478
7076|CBIP|1.020|1.030|1.050|+0.030|+2.94|3,533
7076WA|CBIP-WA|0.015|0.015|0.015|0.000|0.00|350
2925|CCB|1.590|1.580|1.590|0.000|0.00|427
7035|CCK|0.650|0.665|0.660|+0.010|+1.54|213,114
7035WA|CCK-WA|0.140|0.140|0.135|-0.005|-3.57|119,144
2879|CCM|1.970|1.980|1.990|+0.020|+1.02|3,724
5195|CENSOF|0.145|0.155|0.150|+0.005|+3.45|5,941
5195WB|CENSOF-WB|0.010|0.000|0.000|0.000|0.00|0
8982|CEPAT|0.600|0.605|0.615|+0.015|+2.50|1,170
8435|CEPCO|0.630|0.000|0.000|0.000|0.00|0
8044|CFM|1.250|0.000|0.000|0.000|0.00|0
0579C1|CGARDEN-C1|0.100|0.000|0.000|0.000|0.00|0
7209|CHEETAH|0.290|0.000|0.000|0.000|0.00|0
7187|CHGP|0.370|0.360|0.370|0.000|0.00|728
7187WA|CHGP-WA|0.210|0.000|0.000|0.000|0.00|0
5738|CHHB|1.500|1.500|1.490|-0.010|-0.67|2,381
5738WB|CHHB-WB|0.380|0.000|0.000|0.000|0.00|0
0829EA|CHINAETF-MYR|5.730|5.750|5.760|+0.030|+0.52|12
0829EB|CHINAETF-USD|1.275|0.000|0.000|0.000|0.00|0
5273|CHINHIN|0.800|0.800|0.800|0.000|0.00|2,654
1929|CHINTEK|7.000|0.000|0.000|0.000|0.00|0
5007|CHINWEL|1.790|1.790|1.790|0.000|0.00|2,287
0501CG|CHMOBIL-CG|0.180|0.000|0.000|0.000|0.00|0
5797|CHOOBEE|1.610|1.590|1.610|0.000|0.00|240
7016|CHUAN|0.370|0.000|0.000|0.000|0.00|0
8052|CICB|0.520|0.000|0.000|0.000|0.00|0
2828|CIHLDG|1.450|1.450|1.450|0.000|0.00|58
1023|CIMB|5.640|5.620|5.590|-0.050|-0.89|113,730
102340|CIMB-C40|0.025|0.000|0.000|0.000|0.00|0
102341|CIMB-C41|0.075|0.000|0.000|0.000|0.00|0
102342|CIMB-C42|0.050|0.000|0.000|0.000|0.00|0
102343|CIMB-C43|0.025|0.000|0.000|0.000|0.00|0
102344|CIMB-C44|0.075|0.000|0.000|0.000|0.00|0
102345|CIMB-C45|0.095|0.090|0.090|-0.005|-5.26|300
102346|CIMB-C46|0.110|0.000|0.000|0.000|0.00|0
102347|CIMB-C47|0.100|0.000|0.000|0.000|0.00|0
0822EA|CIMBA40|1.875|1.870|1.870|-0.005|-0.27|1
0823EA|CIMBC50|1.635|0.000|0.000|0.000|0.00|0
7117|CJCEN|0.430|0.430|0.420|-0.010|-2.33|11,154
0514C3|CKHUTCH-C3|0.075|0.000|0.000|0.000|0.00|0
03001|CLOUD|0.300|0.000|0.000|0.000|0.00|0
7018|CME|0.035|0.000|0.000|0.000|0.00|0
7018LA|CME-LA|0.020|0.000|0.000|0.000|0.00|0
7018WA|CME-WA|0.025|0.000|0.000|0.000|0.00|0
5180|CMMT|1.100|1.100|1.090|-0.010|-0.91|3,289
2852|CMSB|3.150|3.160|3.150|0.000|0.00|32,831
285214|CMSB-C14|0.085|0.000|0.000|0.000|0.00|0
285215|CMSB-C15|0.110|0.000|0.000|0.000|0.00|0
7986|CNASIA|0.445|0.410|0.410|-0.035|-7.87|100
5104|CNI|0.070|0.070|0.070|0.000|0.00|4,347
5188|CNOUHUA|0.045|0.050|0.055|+0.010|+22.22|3,020
5071|COASTAL|1.100|1.120|1.280|+0.180|+16.36|15,276
7205|COCOLND|2.100|2.100|2.100|0.000|0.00|111
7195|COMCORP|0.130|0.130|0.130|0.000|0.00|1,002
2127|COMFORT|0.860|0.855|0.835|-0.025|-2.91|2,710
5136|COMPLET|0.920|0.900|0.905|-0.015|-1.63|630
5037|COMPUGT|0.025|0.020|0.025|0.000|0.00|100,838
0102|CONNECT|0.115|0.110|0.110|-0.005|-4.35|219
0102PA|CONNECT-PA|0.035|0.000|0.000|0.000|0.00|0
0102WA|CONNECT-WA|0.025|0.000|0.000|0.000|0.00|0
0102WB|CONNECT-WB|0.025|0.000|0.000|0.000|0.00|0
8591|CRESBLD|0.990|0.980|0.975|-0.015|-1.52|2,496
6718|CRESNDO|1.260|1.280|1.280|+0.020|+1.59|50
03016|CRG|0.045|0.045|0.045|0.000|0.00|1,020
7202|CSCENIC|1.130|1.140|1.140|+0.010|+0.88|175
5094|CSCSTEL|1.070|1.060|1.060|-0.010|-0.93|1,429
5214|CSL|0.010|0.000|0.000|0.000|0.00|0
0051|CUSCAPI|0.185|0.185|0.190|+0.005|+2.70|24,398
5049|CVIEW|1.490|0.000|0.000|0.000|0.00|0
9423|CWG|0.420|0.000|0.000|0.000|0.00|0
7157|CYL|0.460|0.430|0.430|-0.030|-6.52|75
5082|CYMAO|0.380|0.000|0.000|0.000|0.00|0
5184|CYPARK|1.720|1.730|1.720|0.000|0.00|9,576
7204|D&O|0.740|0.735|0.730|-0.010|-1.35|21,380
8125|DAIBOCI|1.570|1.580|1.570|0.000|0.00|10,268
8125WB|DAIBOCI-WB|0.160|0.115|0.120|-0.040|-25.00|1,663
5355|DAIMAN|2.990|0.000|0.000|0.000|0.00|0
5276|DANCO|0.550|0.540|0.545|-0.005|-0.91|12,992
5276WA|DANCO-WA|0.275|0.265|0.275|0.000|0.00|7,404
8338|DATAPRP|0.215|0.215|0.210|-0.005|-2.33|2,710
0091|DAYA|0.005|0.005|0.005|0.000|0.00|28,489
5141|DAYANG|1.360|1.380|1.310|-0.050|-3.68|649,659
7179|DBE|0.030|0.025|0.030|0.000|0.00|8,510
7179WB|DBE-WB|0.010|0.000|0.000|0.000|0.00|0
3484|DBHD|0.430|0.425|0.420|-0.010|-2.33|11,623
3484WA|DBHD-WA|0.085|0.075|0.075|-0.010|-11.76|350
7119|DEGEM|1.050|0.000|0.000|0.000|0.00|0
5132|DELEUM|1.160|1.190|1.140|-0.020|-1.72|6,409
7212|DESTINI|0.225|0.225|0.220|-0.005|-2.22|22,499
0152|DGB|0.125|0.125|0.130|+0.005|+4.00|2,896
0152WB|DGB-WB|0.030|0.035|0.030|0.000|0.00|7,917
0131|DGSB|0.085|0.085|0.085|0.000|0.00|12,557
7277|DIALOG|3.200|3.160|3.160|-0.040|-1.25|91,270
727733|DIALOG-C33|0.025|0.005|0.020|-0.005|-20.00|102
727735|DIALOG-C35|0.005|0.000|0.000|0.000|0.00|0
727736|DIALOG-C36|0.055|0.000|0.000|0.000|0.00|0
727737|DIALOG-C37|0.045|0.000|0.000|0.000|0.00|0
727738|DIALOG-C38|0.040|0.000|0.000|0.000|0.00|0
727739|DIALOG-C39|0.055|0.050|0.050|-0.005|-9.09|1,000
727740|DIALOG-C40|0.120|0.000|0.000|0.000|0.00|0
727741|DIALOG-C41|0.105|0.100|0.105|0.000|0.00|19,750
727742|DIALOG-C42|0.140|0.000|0.000|0.000|0.00|0
727743|DIALOG-C43|0.150|0.000|0.000|0.000|0.00|0
6947|DIGI|4.580|4.530|4.560|-0.020|-0.44|28,924
694724|DIGI-C24|0.055|0.045|0.045|-0.010|-18.18|26
694725|DIGI-C25|0.105|0.000|0.000|0.000|0.00|0
694726|DIGI-C26|0.115|0.000|0.000|0.000|0.00|0
694727|DIGI-C27|0.115|0.000|0.000|0.000|0.00|0
694728|DIGI-C28|0.070|0.065|0.065|-0.005|-7.14|300
0029|DIGISTA|0.050|0.045|0.045|-0.005|-10.00|6,943
0029WB|DIGISTA-WB|0.020|0.000|0.000|0.000|0.00|0
0400GA|DIN040000223|98.400|0.000|0.000|0.000|0.00|0
0400GC|DIN042300721|98.860|0.000|0.000|0.000|0.00|0
0400GB|DIN045801028|98.800|99.000|99.000|+0.200|+0.20|0
7528|DKLS|1.790|0.000|0.000|0.000|0.00|0
5908|DKSH|2.500|2.480|2.480|-0.020|-0.80|1,485
3026|DLADY|63.460|63.500|64.280|+0.820|+1.29|17
4456|DNEX|0.275|0.280|0.285|+0.010|+3.64|114,448
4456WD|DNEX-WD|0.070|0.075|0.070|0.000|0.00|38,168
7114|DNONCE|0.440|0.430|0.460|+0.020|+4.55|2,070
7114WA|DNONCE-WA|0.185|0.180|0.200|+0.015|+8.11|5,775
5835|DOLMITE|0.110|0.100|0.100|-0.010|-9.09|90
5265|DOLPHIN|0.145|0.145|0.140|-0.005|-3.45|5,250
5265WA|DOLPHIN-WA|0.040|0.000|0.000|0.000|0.00|0
7169|DOMINAN|1.270|1.260|1.270|0.000|0.00|132
7169WA|DOMINAN-WA|0.090|0.075|0.075|-0.015|-16.67|500
7148|DPHARMA|1.150|1.170|1.150|0.000|0.00|5,203
0205|DPIH|0.220|0.220|0.220|0.000|0.00|5,532
7198|DPS|0.065|0.060|0.065|0.000|0.00|2,546
7198WB|DPS-WB|0.030|0.000|0.000|0.000|0.00|0
1619|DRBHCOM|1.870|1.870|1.850|-0.020|-1.07|10,202
161960|DRBHCOMC60|0.025|0.025|0.025|0.000|0.00|10,987
161962|DRBHCOMC62|0.005|0.000|0.000|0.000|0.00|0
161963|DRBHCOMC63|0.055|0.000|0.000|0.000|0.00|0
161964|DRBHCOMC64|0.005|0.000|0.000|0.000|0.00|0
161966|DRBHCOMC66|0.005|0.000|0.000|0.000|0.00|0
161967|DRBHCOMC67|0.020|0.000|0.000|0.000|0.00|0
161968|DRBHCOMC68|0.095|0.090|0.090|-0.005|-5.26|15,721
161969|DRBHCOMC69|0.135|0.000|0.000|0.000|0.00|0
161970|DRBHCOMC70|0.145|0.140|0.140|-0.005|-3.45|6,806
161971|DRBHCOMC71|0.130|0.000|0.000|0.000|0.00|0
161972|DRBHCOMC72|0.120|0.000|0.000|0.000|0.00|0
161973|DRBHCOMC73|0.100|0.000|0.000|0.000|0.00|0
5216|DSONIC|0.475|0.475|0.470|-0.005|-1.05|115,526
5216WA|DSONIC-WA|0.085|0.080|0.080|-0.005|-5.88|8,365
7233|DUFU|1.670|1.660|1.630|-0.040|-2.40|20,095
3948|DUTALND|0.500|0.495|0.500|0.000|0.00|2,291
5178|DYNACIA|0.095|0.095|0.095|0.000|0.00|32,510
5178PA|DYNACIA-PA|0.045|0.050|0.050|+0.005|+11.11|10
5178WA|DYNACIA-WA|0.040|0.040|0.040|0.000|0.00|2,262
3417|E&O|0.855|0.850|0.830|-0.025|-2.92|44,497
3417WB|E&O-WB|0.005|0.000|0.000|0.000|0.00|0
0154|EAH|0.015|0.020|0.015|0.000|0.00|124,772
0154WC|EAH-WC|0.005|0.000|0.000|0.000|0.00|0
0154WD|EAH-WD|0.005|0.005|0.005|0.000|0.00|287
0154WE|EAH-WE|0.010|0.005|0.010|0.000|0.00|306
2097|EASTLND|0.100|0.100|0.100|0.000|0.00|5,875
5259|EATECH|0.445|0.445|0.425|-0.020|-4.49|20,193
2143|ECM|0.295|0.000|0.000|0.000|0.00|0
3557|ECOFIRS|0.295|0.295|0.295|0.000|0.00|14,526
3557WC|ECOFIRS-WC|0.025|0.015|0.015|-0.010|-40.00|2,221
0059|ECOHLDS|0.265|0.000|0.000|0.000|0.00|0
5253|ECONBHD|0.440|0.435|0.435|-0.005|-1.14|115,867
5253WA|ECONBHD-WA|0.115|0.110|0.110|-0.005|-4.35|21,854
8206|ECOWLD|0.965|0.965|0.950|-0.015|-1.55|1,028
8206CQ|ECOWLD-CQ|0.005|0.000|0.000|0.000|0.00|0
8206CS|ECOWLD-CS|0.035|0.000|0.000|0.000|0.00|0
8206CT|ECOWLD-CT|0.150|0.000|0.000|0.000|0.00|0
8206WA|ECOWLD-WA|0.185|0.180|0.180|-0.005|-2.70|195
5036|EDARAN|0.525|0.535|0.560|+0.035|+6.67|23,204
7471|EDEN|0.110|0.110|0.115|+0.005|+4.55|7,570
7471WB|EDEN-WB|0.040|0.040|0.040|0.000|0.00|50
1368|EDGENTA|2.870|2.890|2.890|+0.020|+0.70|121
0107|EDUSPEC|0.025|0.025|0.025|0.000|0.00|10,930
0064|EFFICEN|0.195|0.000|0.000|0.000|0.00|0
0065|EFORCE|0.475|0.475|0.485|+0.010|+2.11|90,576
0065WA|EFORCE-WA|0.130|0.130|0.140|+0.010|+7.69|17,195
8907|EG|0.455|0.450|0.455|0.000|0.00|1,330
8907PA|EG-PA|0.455|0.445|0.445|-0.010|-2.20|23
8907WC|EG-WC|0.135|0.135|0.140|+0.005|+3.70|560
5081|EIG|0.655|0.000|0.000|0.000|0.00|0
5208|EITA|1.360|1.360|1.360|0.000|0.00|150
7182|EKA|0.060|0.060|0.060|0.000|0.00|251
8877|EKOVEST|0.580|0.575|0.570|-0.010|-1.72|168,378
8877CQ|EKOVEST-CQ|0.010|0.000|0.000|0.000|0.00|0
8877CR|EKOVEST-CR|0.005|0.000|0.000|0.000|0.00|0
8877CS|EKOVEST-CS|0.035|0.000|0.000|0.000|0.00|0
8877CT|EKOVEST-CT|0.060|0.060|0.060|0.000|0.00|18,500
8877WB|EKOVEST-WB|0.100|0.100|0.100|0.000|0.00|59,078
9016|EKSONS|0.840|0.800|0.820|-0.020|-2.38|120
5228|ELKDESA|1.380|1.380|1.380|0.000|0.00|1,741
5228LA|ELKDESA-LA|1.080|0.000|0.000|0.000|0.00|0
0090|ELSOFT|1.040|1.040|1.040|0.000|0.00|2,716
7217|EMETALL|0.390|0.385|0.390|0.000|0.00|890
9091|EMICO|0.175|0.165|0.170|-0.005|-2.86|200
6076|ENCORP|0.415|0.380|0.405|-0.010|-2.41|10
7149|ENGKAH|1.040|0.000|0.000|0.000|0.00|0
5056|ENGTEX|0.800|0.795|0.785|-0.015|-1.88|470
8613|ENRA|1.530|1.550|1.550|+0.020|+1.31|15
7773|EPMB|0.400|0.000|0.000|0.000|0.00|0
0190|ESAFE|0.210|0.205|0.205|-0.005|-2.38|500
0100|ESCERAM|0.155|0.150|0.150|-0.005|-3.23|195
6815|EUPE|0.610|0.600|0.600|-0.010|-1.64|20
7208|EURO|0.135|0.135|0.140|+0.005|+3.70|2,001
7094|EUROSP|0.440|0.000|0.000|0.000|0.00|0
5101|EVERGRN|0.360|0.360|0.360|0.000|0.00|6,917
7249|EWEIN|0.640|0.635|0.610|-0.030|-4.69|27,035
5283|EWINT|0.760|0.775|0.730|-0.030|-3.95|4,332
5283WA|EWINT-WA|0.145|0.150|0.145|0.000|0.00|918
3689|F&N|35.140|34.800|35.100|-0.040|-0.11|5,694
2984|FACBIND|1.280|1.310|1.310|+0.030|+2.34|20
7047|FAJAR|0.380|0.380|0.385|+0.005|+1.32|8,204
7047WB|FAJAR-WB|0.040|0.035|0.035|-0.005|-12.50|8,821
5029|FAREAST|2.770|2.770|2.800|+0.030|+1.08|50
6041|FARLIM|0.370|0.000|0.000|0.000|0.00|0
7229|FAVCO|2.800|2.790|2.800|0.000|0.00|2,413
06505D|FBMKLCI-C5D|0.085|0.000|0.000|0.000|0.00|0
06505I|FBMKLCI-C5I|0.005|0.000|0.000|0.000|0.00|0
06505J|FBMKLCI-C5J|0.040|0.000|0.000|0.000|0.00|0
06505K|FBMKLCI-C5K|0.015|0.000|0.000|0.000|0.00|0
06505L|FBMKLCI-C5L|0.070|0.000|0.000|0.000|0.00|0
06505M|FBMKLCI-C5M|0.135|0.000|0.000|0.000|0.00|0
06505N|FBMKLCI-C5N|0.060|0.055|0.055|-0.005|-8.33|1,831
06505O|FBMKLCI-C5O|0.050|0.050|0.050|0.000|0.00|1,362
06505P|FBMKLCI-C5P|0.215|0.210|0.210|-0.005|-2.33|200
06505Q|FBMKLCI-C5Q|0.315|0.310|0.310|-0.005|-1.59|6,500
06505R|FBMKLCI-C5R|0.060|0.000|0.000|0.000|0.00|0
06505S|FBMKLCI-C5S|0.175|0.170|0.170|-0.005|-2.86|1,635
06505T|FBMKLCI-C5T|0.285|0.260|0.260|-0.025|-8.77|600
06505U|FBMKLCI-C5U|0.150|0.000|0.000|0.000|0.00|0
06505V|FBMKLCI-C5V|0.065|0.000|0.000|0.000|0.00|0
0820EA|FBMKLCI-EA|1.780|1.780|1.780|0.000|0.00|4
06506F|FBMKLCI-H6F|0.025|0.000|0.000|0.000|0.00|0
06506K|FBMKLCI-H6K|0.190|0.000|0.000|0.000|0.00|0
06506L|FBMKLCI-H6L|0.120|0.125|0.125|+0.005|+4.17|380
06506M|FBMKLCI-H6M|0.175|0.170|0.170|-0.005|-2.86|78
06506N|FBMKLCI-H6N|0.210|0.000|0.000|0.000|0.00|0
06506O|FBMKLCI-H6O|0.290|0.000|0.000|0.000|0.00|0
06506P|FBMKLCI-H6P|0.050|0.055|0.055|+0.005|+10.00|1,165
06506Q|FBMKLCI-H6Q|0.080|0.000|0.000|0.000|0.00|0
06506R|FBMKLCI-H6R|0.240|0.000|0.000|0.000|0.00|0
06506S|FBMKLCI-H6S|0.355|0.360|0.360|+0.005|+1.41|3,000
06506T|FBMKLCI-H6T|0.090|0.090|0.090|0.000|0.00|900
06506U|FBMKLCI-H6U|0.255|0.000|0.000|0.000|0.00|0
06506V|FBMKLCI-H6V|0.255|0.000|0.000|0.000|0.00|0
06506W|FBMKLCI-H6W|0.140|0.145|0.145|+0.005|+3.57|500
06506X|FBMKLCI-H6X|0.105|0.000|0.000|0.000|0.00|0
2755|FCW|0.900|0.945|1.020|+0.120|+13.33|432
5222|FGV|1.180|1.200|1.160|-0.020|-1.69|291,994
522255|FGV-C55|0.015|0.010|0.010|-0.005|-33.33|951
522256|FGV-C56|0.005|0.000|0.000|0.000|0.00|0
522257|FGV-C57|0.005|0.000|0.000|0.000|0.00|0
522258|FGV-C58|0.010|0.010|0.010|0.000|0.00|2,950
522259|FGV-C59|0.035|0.000|0.000|0.000|0.00|0
522260|FGV-C60|0.010|0.010|0.010|0.000|0.00|10,300
522261|FGV-C61|0.030|0.035|0.030|0.000|0.00|27,249
522262|FGV-C62|0.095|0.100|0.100|+0.005|+5.26|37,900
522263|FGV-C63|0.185|0.190|0.175|-0.010|-5.41|188,890
522264|FGV-C64|0.240|0.000|0.000|0.000|0.00|0
522265|FGV-C65|0.190|0.205|0.195|+0.005|+2.63|35,240
522266|FGV-C66|0.310|0.000|0.000|0.000|0.00|0
522267|FGV-C67|0.425|0.445|0.420|-0.005|-1.18|1,950
522268|FGV-C68|0.200|0.000|0.000|0.000|0.00|0
522269|FGV-C69|0.120|0.000|0.000|0.000|0.00|0
522270|FGV-C70|0.120|0.000|0.000|0.000|0.00|0
522271|FGV-C71|0.055|0.055|0.050|-0.005|-9.09|17,580
6939|FIAMMA|0.530|0.530|0.520|-0.010|-1.89|551
0149|FIBON|0.440|0.000|0.000|0.000|0.00|0
8605|FIHB|0.425|0.420|0.400|-0.025|-5.88|5,758
8605PA|FIHB-PA|0.085|0.000|0.000|0.000|0.00|0
8605PB|FIHB-PB|0.080|0.000|0.000|0.000|0.00|0
3107|FIMACOR|1.920|1.930|1.930|+0.010|+0.52|75
0150|FINTEC|0.055|0.055|0.050|-0.005|-9.09|10,111
0150PA|FINTEC-PA|0.030|0.025|0.030|0.000|0.00|5,508
0150WA|FINTEC-WA|0.010|0.015|0.015|+0.005|+50.00|850
0150WB|FINTEC-WB|0.020|0.020|0.020|0.000|0.00|880
9318|FITTERS|0.500|0.495|0.535|+0.035|+7.00|181,894
9318WB|FITTERS-WB|0.025|0.025|0.040|+0.015|+60.00|51,682
5197|FLBHD|1.690|1.690|1.670|-0.020|-1.18|13,260
0116|FOCUS|0.140|0.140|0.145|+0.005|+3.57|39,058
0116WC|FOCUS-WC|0.095|0.000|0.000|0.000|0.00|0
0157|FOCUSP|0.345|0.355|0.355|+0.010|+2.90|5,317
5277|FPGROUP|0.305|0.310|0.335|+0.030|+9.84|249,128
9172|FPI|1.810|1.810|1.800|-0.010|-0.55|5,885
7210|FREIGHT|0.560|0.555|0.560|0.000|0.00|315
0128|FRONTKN|0.930|0.930|0.955|+0.025|+2.69|109,031
9377|FSBM|0.095|0.000|0.000|0.000|0.00|0
9377WA|FSBM-WA|0.025|0.000|0.000|0.000|0.00|0
7184|G3|0.790|0.000|0.000|0.000|0.00|0
7184WA|G3-WA|0.770|0.000|0.000|0.000|0.00|0
9261|GADANG|0.585|0.585|0.580|-0.005|-0.85|14,859
9261WB|GADANG-WB|0.135|0.130|0.125|-0.010|-7.41|1,527
5398|GAMUDA|2.930|2.880|2.970|+0.040|+1.37|96,120
539851|GAMUDA-C51|0.015|0.000|0.000|0.000|0.00|0
539853|GAMUDA-C53|0.005|0.000|0.000|0.000|0.00|0
539856|GAMUDA-C56|0.030|0.000|0.000|0.000|0.00|0
539857|GAMUDA-C57|0.050|0.055|0.050|0.000|0.00|54
539858|GAMUDA-C58|0.075|0.080|0.075|0.000|0.00|2,800
539859|GAMUDA-C59|0.180|0.185|0.185|+0.005|+2.78|898
539860|GAMUDA-C60|0.110|0.115|0.120|+0.010|+9.09|7,500
539861|GAMUDA-C61|0.085|0.085|0.095|+0.010|+11.76|20,400
539862|GAMUDA-C62|0.105|0.115|0.110|+0.005|+4.76|802
539863|GAMUDA-C63|0.110|0.115|0.120|+0.010|+9.09|16,000
5398WE|GAMUDA-WE|0.225|0.225|0.230|+0.005|+2.22|12,619
5209|GASMSIA|2.820|2.850|2.820|0.000|0.00|504
5226|GBGAQRS|1.170|1.160|1.160|-0.010|-0.85|36,348
5226WB|GBGAQRS-WB|0.280|0.275|0.275|-0.005|-1.79|32,122
5102|GCB|3.750|3.700|3.730|-0.020|-0.53|3,029
5102CA|GCB-CA|0.310|0.280|0.285|-0.025|-8.06|31
5102CB|GCB-CB|0.200|0.195|0.190|-0.010|-5.00|4,000
5592|GCE|0.440|0.450|0.460|+0.020|+4.55|314
0198|GDB|0.265|0.270|0.275|+0.010|+3.77|4,831
0078|GDEX|0.355|0.355|0.350|-0.005|-1.41|31,177
0078WB|GDEX-WB|0.060|0.060|0.060|0.000|0.00|25,321
0580C1|GEELY-C1|0.075|0.000|0.000|0.000|0.00|0
0104|GENETEC|1.890|1.880|1.870|-0.020|-1.06|598
4715|GENM|3.400|3.390|3.420|+0.020|+0.59|77,643
471538|GENM-C38|0.005|0.000|0.000|0.000|0.00|0
471540|GENM-C40|0.150|0.000|0.000|0.000|0.00|0
471541|GENM-C41|0.005|0.000|0.000|0.000|0.00|0
471542|GENM-C42|0.040|0.040|0.045|+0.005|+12.50|1,102
471543|GENM-C43|0.050|0.000|0.000|0.000|0.00|0
471544|GENM-C44|0.075|0.000|0.000|0.000|0.00|0
471545|GENM-C45|0.155|0.155|0.155|0.000|0.00|800
471546|GENM-C46|0.135|0.135|0.135|0.000|0.00|34,400
471547|GENM-C47|0.140|0.000|0.000|0.000|0.00|0
471548|GENM-C48|0.125|0.000|0.000|0.000|0.00|0
471549|GENM-C49|0.195|0.195|0.195|0.000|0.00|11,100
471550|GENM-C50|0.175|0.180|0.175|0.000|0.00|4
471551|GENM-C51|0.140|0.130|0.135|-0.005|-3.57|12,000
471552|GENM-C52|0.205|0.000|0.000|0.000|0.00|0
471553|GENM-C53|0.150|0.125|0.125|-0.025|-16.67|200
2291|GENP|10.400|10.280|10.420|+0.020|+0.19|6,392
2291WA|GENP-WA|2.550|2.400|2.500|-0.050|-1.96|492
3182|GENTING|7.130|7.100|7.110|-0.020|-0.28|32,716
318251|GENTINGC51|0.005|0.000|0.000|0.000|0.00|0
318255|GENTINGC55|0.050|0.000|0.000|0.000|0.00|0
318256|GENTINGC56|0.030|0.000|0.000|0.000|0.00|0
318257|GENTINGC57|0.115|0.120|0.115|0.000|0.00|41,684
318258|GENTINGC58|0.075|0.075|0.080|+0.005|+6.67|4,580
318259|GENTINGC59|0.120|0.120|0.120|0.000|0.00|10,000
318260|GENTINGC60|0.160|0.000|0.000|0.000|0.00|0
318261|GENTINGC61|0.135|0.140|0.135|0.000|0.00|4,300
318262|GENTINGC62|0.180|0.185|0.175|-0.005|-2.78|1,100
318263|GENTINGC63|0.160|0.160|0.160|0.000|0.00|7,994
318264|GENTINGC64|0.150|0.000|0.000|0.000|0.00|0
7197|GESHEN|0.625|0.000|0.000|0.000|0.00|0
5079|GETS|0.120|0.135|0.125|+0.005|+4.17|441
0039|GFM|0.500|0.495|0.500|0.000|0.00|15,176
0039WC|GFM-WC|0.205|0.195|0.195|-0.010|-4.88|33,963
0021|GHLSYS|1.660|1.680|1.700|+0.040|+2.41|1,249
0021CA|GHLSYS-CA|0.110|0.110|0.110|0.000|0.00|2,495
3204|GKENT|1.090|1.090|1.070|-0.020|-1.83|21,609
7382|GLBHD|0.370|0.385|0.385|+0.015|+4.05|10
5020|GLOMAC|0.385|0.375|0.380|-0.005|-1.30|1,005
5220|GLOTEC|0.475|0.470|0.475|0.000|0.00|8,534
5220WA|GLOTEC-WA|0.075|0.075|0.075|0.000|0.00|138
9962|GMUTUAL|0.275|0.000|0.000|0.000|0.00|0
0045|GNB|0.050|0.050|0.050|0.000|0.00|3,055
1147|GOB|0.175|0.170|0.175|0.000|0.00|729
1147WA|GOB-WA|0.010|0.005|0.010|0.000|0.00|8,321
0074|GOCEAN|0.095|0.100|0.095|0.000|0.00|301
0074WA|GOCEAN-WA|0.005|0.000|0.000|0.000|0.00|0
0828EA|GOLDETF|1.740|1.735|1.730|-0.010|-0.57|84
7192|GOODWAY|0.210|0.210|0.210|0.000|0.00|2,004
2135|GOPENG|0.690|0.690|0.680|-0.010|-1.45|45
7096|GPA|0.085|0.085|0.085|0.000|0.00|1,830
7096WA|GPA-WA|0.020|0.000|0.000|0.000|0.00|0
0082|GPACKET|0.330|0.330|0.325|-0.005|-1.52|3,693
0082WB|GPACKET-WB|0.085|0.085|0.085|0.000|0.00|3,100
5649|GPHAROS|0.220|0.000|0.000|0.000|0.00|0
0056|GRANFLO|0.215|0.200|0.205|-0.010|-4.65|1,600
0136|GREENYB|0.130|0.125|0.120|-0.010|-7.69|3,080
7077|GSB|0.200|0.205|0.190|-0.010|-5.00|34,579
7022|GTRONIC|1.900|1.900|1.890|-0.010|-0.53|5,080
7022CR|GTRONIC-CR|0.005|0.000|0.000|0.000|0.00|0
7022CS|GTRONIC-CS|0.005|0.005|0.005|0.000|0.00|500
7022CT|GTRONIC-CT|0.005|0.000|0.000|0.000|0.00|0
7022CU|GTRONIC-CU|0.030|0.000|0.000|0.000|0.00|0
7022CV|GTRONIC-CV|0.100|0.000|0.000|0.000|0.00|0
7022CW|GTRONIC-CW|0.060|0.060|0.060|0.000|0.00|200
3247|GUH|0.490|0.490|0.495|+0.005|+1.02|597
7676|GUNUNG|0.305|0.330|0.330|+0.025|+8.20|50
7676WB|GUNUNG-WB|0.055|0.000|0.000|0.000|0.00|0
1503|GUOCO|0.790|0.000|0.000|0.000|0.00|0
7668|HAIO|2.780|2.780|2.800|+0.020|+0.72|1,200
7668CG|HAIO-CG|0.075|0.000|0.000|0.000|0.00|0
5151|HALEX|0.850|0.000|0.000|0.000|0.00|0
7253|HANDAL|0.350|0.355|0.355|+0.005|+1.43|229
3034|HAPSENG|9.820|9.720|9.810|-0.010|-0.10|4,338
3034CX|HAPSENG-CX|0.040|0.000|0.000|0.000|0.00|0
2062|HARBOUR|0.680|0.680|0.680|0.000|0.00|1
2062WC|HARBOUR-WC|0.100|0.070|0.070|-0.030|-30.00|60
5008|HARISON|3.900|3.800|3.800|-0.100|-2.56|58
7501|HARNLEN|0.500|0.540|0.650|+0.150|+30.00|8,285
5168|HARTA|5.100|5.080|4.990|-0.110|-2.16|56,931
516811|HARTA-C11|0.005|0.000|0.000|0.000|0.00|0
516815|HARTA-C15|0.020|0.000|0.000|0.000|0.00|0
516816|HARTA-C16|0.005|0.000|0.000|0.000|0.00|0
516817|HARTA-C17|0.025|0.000|0.000|0.000|0.00|0
516818|HARTA-C18|0.010|0.000|0.000|0.000|0.00|0
516819|HARTA-C19|0.060|0.060|0.055|-0.005|-8.33|222
516820|HARTA-C20|0.090|0.080|0.080|-0.010|-11.11|6,118
516821|HARTA-C21|0.100|0.000|0.000|0.000|0.00|0
516822|HARTA-C22|0.090|0.095|0.080|-0.010|-11.11|124
5187|HBGLOB|0.110|0.100|0.110|0.000|0.00|5,236
7105|HCK|1.250|1.240|1.250|0.000|0.00|475
7105WA|HCK-WA|0.295|0.000|0.000|0.000|0.00|0
3255|HEIM|22.580|22.660|22.600|+0.020|+0.09|1,188
5121|HEKTAR|1.150|1.160|1.160|+0.010|+0.87|1,353
4324|HENGYUAN|5.920|5.920|5.920|0.000|0.00|4,941
4324C1|HENGYUAN-C1|0.020|0.000|0.000|0.000|0.00|0
4324C2|HENGYUAN-C2|0.010|0.000|0.000|0.000|0.00|0
4324C4|HENGYUAN-C4|0.030|0.000|0.000|0.000|0.00|0
4324C5|HENGYUAN-C5|0.030|0.000|0.000|0.000|0.00|0
4324C6|HENGYUAN-C6|0.055|0.000|0.000|0.000|0.00|0
4324C7|HENGYUAN-C7|0.200|0.195|0.190|-0.010|-5.00|340
4324CZ|HENGYUAN-CZ|0.030|0.000|0.000|0.000|0.00|0
5095|HEVEA|0.635|0.635|0.615|-0.020|-3.15|7,119
5095WB|HEVEA-WB|0.450|0.000|0.000|0.000|0.00|0
3298|HEXZA|0.700|0.700|0.700|0.000|0.00|373
0175|HHGROUP|0.125|0.120|0.130|+0.005|+4.00|4,022
0160|HHHCORP|0.095|0.000|0.000|0.000|0.00|0
5072|HIAPTEK|0.280|0.285|0.285|+0.005|+1.79|29,985
5072LA|HIAPTEK-LA|0.295|0.000|0.000|0.000|0.00|0
5072WB|HIAPTEK-WB|0.085|0.085|0.085|0.000|0.00|6,131
5199|HIBISCS|1.050|1.040|1.050|0.000|0.00|269,593
5199CK|HIBISCS-CK|0.010|0.000|0.000|0.000|0.00|0
5199CM|HIBISCS-CM|0.090|0.095|0.095|+0.005|+5.56|1,998
5199CN|HIBISCS-CN|0.100|0.085|0.085|-0.015|-15.00|90
5199CO|HIBISCS-CO|0.080|0.000|0.000|0.000|0.00|0
5199CP|HIBISCS-CP|0.055|0.060|0.060|+0.005|+9.09|200
5199CQ|HIBISCS-CQ|0.125|0.135|0.130|+0.005|+4.00|6,138
5199CR|HIBISCS-CR|0.115|0.110|0.115|0.000|0.00|12,870
5199CS|HIBISCS-CS|0.105|0.110|0.110|+0.005|+4.76|2,000
5199CT|HIBISCS-CT|0.140|0.140|0.145|+0.005|+3.57|5,000
5199CU|HIBISCS-CU|0.090|0.090|0.095|+0.005|+5.56|27,040
5199CV|HIBISCS-CV|0.080|0.000|0.000|0.000|0.00|0
5199WC|HIBISCS-WC|0.470|0.470|0.470|0.000|0.00|96,622
7033|HIGHTEC|1.280|1.280|1.280|0.000|0.00|30
8443|HIL|0.500|0.500|0.500|0.000|0.00|230
8443WB|HIL-WB|0.180|0.000|0.000|0.000|0.00|0
0505CF|HKEX-CF|0.410|0.440|0.435|+0.025|+6.10|1,000
5819|HLBANK|21.260|21.480|21.280|+0.020|+0.09|8,442
5819CN|HLBANK-CN|0.060|0.000|0.000|0.000|0.00|0
5819CO|HLBANK-CO|0.160|0.000|0.000|0.000|0.00|0
5274|HLCAP|9.600|0.000|0.000|0.000|0.00|0
1082|HLFG|19.600|19.360|19.540|-0.060|-0.31|2,255
3301|HLIND|9.860|9.950|9.860|0.000|0.00|558
0188|HLT|0.135|0.000|0.000|0.000|0.00|0
0188WA|HLT-WA|0.050|0.000|0.000|0.000|0.00|0
5169|HOHUP|0.380|0.390|0.380|0.000|0.00|2,473
5165|HOKHENG|0.550|0.535|0.530|-0.020|-3.64|80
5160|HOMERIZ|0.615|0.610|0.630|+0.015|+2.44|238
5160WA|HOMERIZ-WA|0.075|0.000|0.000|0.000|0.00|0
7010|HOOVER|0.605|0.000|0.000|0.000|0.00|0
06513U|HSI-C3U|0.045|0.045|0.045|0.000|0.00|150
06513V|HSI-C3V|0.150|0.120|0.145|-0.005|-3.33|520,049
06513W|HSI-C3W|0.455|0.420|0.455|0.000|0.00|460,634
06513X|HSI-C3X|0.950|0.910|0.955|+0.005|+0.53|2,660
06513Y|HSI-C3Y|0.120|0.120|0.120|0.000|0.00|100
06513Z|HSI-C3Z|0.220|0.205|0.215|-0.005|-2.27|132,456
06515A|HSI-C5A|0.450|0.430|0.455|+0.005|+1.11|348,685
06515B|HSI-C5B|0.755|0.735|0.765|+0.010|+1.32|37,981
06515C|HSI-C5C|0.240|0.230|0.240|0.000|0.00|186,783
06515D|HSI-C5D|0.390|0.365|0.385|-0.005|-1.28|203,828
06515E|HSI-C5E|0.700|0.665|0.695|-0.005|-0.71|7,486
06515F|HSI-C5F|1.040|0.000|0.000|0.000|0.00|0
06515G|HSI-C5G|0.565|0.540|0.585|+0.020|+3.54|15,561
06515H|HSI-C5H|0.845|0.840|0.855|+0.010|+1.18|1,500
06515I|HSI-C5I|1.080|0.000|0.000|0.000|0.00|0
06515J|HSI-C5J|0.705|0.675|0.705|0.000|0.00|260
06515K|HSI-C5K|1.070|1.000|1.020|-0.050|-4.67|200
06515L|HSI-C5L|1.340|0.000|0.000|0.000|0.00|0
06515M|HSI-C5M|1.920|1.900|1.900|-0.020|-1.04|50
06514V|HSI-H4V|0.005|0.005|0.005|0.000|0.00|14,470
06514W|HSI-H4W|0.005|0.005|0.005|0.000|0.00|28,236
06514X|HSI-H4X|0.025|0.025|0.025|0.000|0.00|26,504
06514Y|HSI-H4Y|0.085|0.090|0.075|-0.010|-11.76|346,677
06514Z|HSI-H4Z|0.015|0.015|0.020|+0.005|+33.33|2,788
06516A|HSI-H6A|0.030|0.030|0.025|-0.005|-16.67|14,456
06516B|HSI-H6B|0.080|0.080|0.080|0.000|0.00|3,460
06516C|HSI-H6C|0.145|0.155|0.140|-0.005|-3.45|57,600
06516D|HSI-H6D|0.115|0.115|0.115|0.000|0.00|500
06516E|HSI-H6E|0.175|0.180|0.165|-0.010|-5.71|5,725
06516F|HSI-H6F|0.305|0.320|0.295|-0.010|-3.28|395,854
06516G|HSI-H6G|0.520|0.550|0.510|-0.010|-1.92|153,990
06516H|HSI-H6H|0.125|0.130|0.130|+0.005|+4.00|300
06516I|HSI-H6I|0.190|0.200|0.185|-0.005|-2.63|300
06516J|HSI-H6J|0.305|0.330|0.300|-0.005|-1.64|14,390
06516K|HSI-H6K|0.090|0.000|0.000|0.000|0.00|0
06516L|HSI-H6L|0.160|0.000|0.000|0.000|0.00|0
06516M|HSI-H6M|0.205|0.210|0.200|-0.005|-2.44|16,906
06516N|HSI-H6N|0.330|0.335|0.325|-0.005|-1.52|11,282
6238|HSL|1.560|1.550|1.550|-0.010|-0.64|65
5138|HSPLANT|1.860|1.930|1.880|+0.020|+1.08|648
0185|HSSEB|1.090|1.060|1.120|+0.030|+2.75|2,495
0185WA|HSSEB-WA|0.200|0.190|0.195|-0.005|-2.50|350
5028|HTPADU|0.705|0.695|0.700|-0.005|-0.71|3,926
2739|HUAAN|0.220|0.220|0.210|-0.010|-4.55|143,215
5062|HUAYANG|0.410|0.410|0.390|-0.020|-4.88|5,955
7013|HUBLINE|0.055|0.055|0.055|0.000|0.00|60,144
7013WA|HUBLINE-WA|0.005|0.000|0.000|0.000|0.00|0
7013WB|HUBLINE-WB|0.005|0.000|0.000|0.000|0.00|0
7013WC|HUBLINE-WC|0.020|0.000|0.000|0.000|0.00|0
5000|HUMEIND|0.630|0.630|0.630|0.000|0.00|2,088
5024|HUPSENG|1.020|1.010|1.030|+0.010|+0.98|667
8478|HWATAI|0.340|0.000|0.000|0.000|0.00|0
9601|HWGB|0.095|0.095|0.105|+0.010|+10.53|9,612
9601WD|HWGB-WD|0.020|0.025|0.030|+0.010|+50.00|2,560
4251|IBHD|0.435|0.425|0.415|-0.020|-4.60|3,024
4251LB|IBHD-LB|0.320|0.300|0.300|-0.020|-6.25|35
4251WA|IBHD-WA|0.010|0.010|0.010|0.000|0.00|150
5084|IBRACO|0.710|0.000|0.000|0.000|0.00|0
5108|ICAP|2.420|0.000|0.000|0.000|0.00|0
0502CF|ICBC-CF|0.100|0.000|0.000|0.000|0.00|0
5255|ICON|0.075|0.075|0.070|-0.005|-6.67|18,152
9687|IDEAL|1.250|1.250|1.200|-0.050|-4.00|2,982
9687WB|IDEAL-WB|0.405|0.400|0.410|+0.005|+1.23|1,501
0174|IDMENSN|0.025|0.025|0.030|+0.005|+20.00|1,684
0174WA|IDMENSN-WA|0.005|0.000|0.000|0.000|0.00|0
0023|IFCAMSC|0.410|0.400|0.400|-0.010|-2.44|431,156
5606|IGBB|2.500|2.500|2.490|-0.010|-0.40|691
5606PA|IGBB-PA|1.110|0.000|0.000|0.000|0.00|0
5606PB|IGBB-PB|3.250|0.000|0.000|0.000|0.00|0
5227|IGBREIT|1.760|1.770|1.770|+0.010|+0.57|967
5225|IHH|5.780|5.710|5.880|+0.100|+1.73|53,364
522510|IHH-C10|0.125|0.125|0.135|+0.010|+8.00|6,300
5225C7|IHH-C7|0.050|0.000|0.000|0.000|0.00|0
5225C8|IHH-C8|0.115|0.115|0.130|+0.015|+13.04|1,728
5225C9|IHH-C9|0.095|0.000|0.000|0.000|0.00|0
0401GA|IHS046000824|96.000|0.000|0.000|0.000|0.00|0
3336|IJM|1.770|1.760|1.800|+0.030|+1.69|27,796
333620|IJM-C20|0.050|0.045|0.045|-0.005|-10.00|999
333621|IJM-C21|0.045|0.000|0.000|0.000|0.00|0
333622|IJM-C22|0.005|0.000|0.000|0.000|0.00|0
333624|IJM-C24|0.110|0.110|0.110|0.000|0.00|100
333625|IJM-C25|0.120|0.125|0.125|+0.005|+4.17|232
2216|IJMPLNT|1.720|1.750|1.720|0.000|0.00|897
5268|IKHMAS|0.130|0.130|0.130|0.000|0.00|34,148
5614|ILB|0.435|0.450|0.450|+0.015|+3.45|5
7222|IMASPRO|2.230|2.210|2.200|-0.030|-1.35|10,638
0166|INARI|1.580|1.570|1.580|0.000|0.00|29,355
016621|INARI-C21|0.010|0.000|0.000|0.000|0.00|0
016622|INARI-C22|0.005|0.000|0.000|0.000|0.00|0
016623|INARI-C23|0.005|0.000|0.000|0.000|0.00|0
016624|INARI-C24|0.005|0.000|0.000|0.000|0.00|0
016625|INARI-C25|0.005|0.000|0.000|0.000|0.00|0
016626|INARI-C26|0.045|0.040|0.040|-0.005|-11.11|1,000
016627|INARI-C27|0.040|0.040|0.040|0.000|0.00|24,921
016628|INARI-C28|0.040|0.000|0.000|0.000|0.00|0
016629|INARI-C29|0.075|0.075|0.075|0.000|0.00|3,000
016630|INARI-C30|0.070|0.000|0.000|0.000|0.00|0
016631|INARI-C31|0.130|0.125|0.125|-0.005|-3.85|1,000
016632|INARI-C32|0.135|0.130|0.135|0.000|0.00|2,760
016633|INARI-C33|0.280|0.000|0.000|0.000|0.00|0
016634|INARI-C34|0.090|0.090|0.090|0.000|0.00|4,000
016635|INARI-C35|0.070|0.070|0.070|0.000|0.00|14,000
016636|INARI-C36|0.090|0.085|0.085|-0.005|-5.56|200
0166WB|INARI-WB|1.040|1.020|1.030|-0.010|-0.96|838
2607|INCKEN|0.620|0.620|0.635|+0.015|+2.42|3,941
0094|INIX|0.070|0.070|0.055|-0.015|-21.43|410,139
0094WA|INIX-WA|0.025|0.025|0.025|0.000|0.00|10,740
0147|INNITY|0.615|0.000|0.000|0.000|0.00|0
6262|INNO|0.715|0.000|0.000|0.000|0.00|0
3379|INSAS|0.780|0.780|0.775|-0.005|-0.64|2,735
3379PA|INSAS-PA|0.975|0.000|0.000|0.000|0.00|0
3379WB|INSAS-WB|0.075|0.080|0.080|+0.005|+6.67|847
0192|INTA|0.280|0.275|0.275|-0.005|-1.79|6,933
1961|IOICORP|4.520|4.480|4.520|0.000|0.00|17,618
196119|IOICORP-C19|0.060|0.055|0.060|0.000|0.00|7
5249|IOIPG|1.510|1.510|1.460|-0.050|-3.31|14,310
5249CU|IOIPG-CU|0.045|0.000|0.000|0.000|0.00|0
5249CV|IOIPG-CV|0.195|0.195|0.170|-0.025|-12.82|903
5673|IPMUDA|0.510|0.500|0.500|-0.010|-1.96|50
5107|IQGROUP|1.230|1.230|1.220|-0.010|-0.81|370
8834|IREKA|0.555|0.000|0.000|0.000|0.00|0
8834WB|IREKA-WB|0.005|0.000|0.000|0.000|0.00|0
7183|IRETEX|0.125|0.130|0.130|+0.005|+4.00|5,000
7183LA|IRETEX-LA|0.015|0.000|0.000|0.000|0.00|0
7183WA|IRETEX-WA|0.005|0.000|0.000|0.000|0.00|0
0010|IRIS|0.130|0.135|0.130|0.000|0.00|39,934
9393|ITRONIC|0.090|0.100|0.100|+0.010|+11.11|1,308
5175|IVORY|0.220|0.000|0.000|0.000|0.00|0
1589|IWCITY|0.710|0.700|0.685|-0.025|-3.52|485,432
7223|JADI|0.035|0.040|0.040|+0.005|+14.29|1,007
0024|JAG|0.050|0.050|0.055|+0.005|+10.00|34,155
0024WA|JAG-WA|0.005|0.000|0.000|0.000|0.00|0
0024WB|JAG-WB|0.010|0.010|0.010|0.000|0.00|2,000
4723|JAKS|0.620|0.610|0.610|-0.010|-1.61|47,944
4723WB|JAKS-WB|0.330|0.325|0.325|-0.005|-1.52|1,550
8648|JASKITA|0.110|0.110|0.115|+0.005|+4.55|2,231
7152|JAYCORP|0.825|0.825|0.830|+0.005|+0.61|151
0058|JCBNEXT|1.530|1.530|1.530|0.000|0.00|49
5161|JCY|0.205|0.200|0.200|-0.005|-2.44|14,812
8931|JERASIA|0.370|0.370|0.375|+0.005|+1.35|221
9083|JETSON|0.185|0.180|0.180|-0.005|-2.70|561
0146|JFTECH|0.790|0.795|0.790|0.000|0.00|688
0127|JHM|1.190|1.190|1.160|-0.030|-2.52|12,059
8923|JIANKUN|0.325|0.000|0.000|0.000|0.00|0
8923WA|JIANKUN-WA|0.075|0.000|0.000|0.000|0.00|0
6769|JKGLAND|0.075|0.075|0.080|+0.005|+6.67|202
03003|JMEDU|0.560|0.000|0.000|0.000|0.00|0
7043|JMR|0.960|0.970|0.970|+0.010|+1.04|50
3441|JOHAN|0.090|0.085|0.085|-0.005|-5.56|4,160
7167|JOHOTIN|1.420|1.440|1.410|-0.010|-0.70|11,059
4383|JTIASA|0.535|0.560|0.580|+0.045|+8.41|41,022
0111|K1|0.240|0.240|0.245|+0.005|+2.08|62,041
0111WC|K1-WC|0.115|0.110|0.110|-0.005|-4.35|18,468
0193|KAB|0.230|0.225|0.220|-0.010|-4.35|3,755
8672|KAMDAR|0.290|0.000|0.000|0.000|0.00|0
0170|KANGER|0.040|0.040|0.045|+0.005|+12.50|36,130
0170WA|KANGER-WA|0.020|0.000|0.000|0.000|0.00|0
5247|KAREX|0.410|0.415|0.420|+0.010|+2.44|105,740
0054|KARYON|0.135|0.135|0.135|0.000|0.00|9,938
7216|KAWAN|1.750|1.780|1.750|0.000|0.00|224
3115|KBUNAI|0.080|0.080|0.080|0.000|0.00|9,893
3115WC|KBUNAI-WC|0.020|0.020|0.020|0.000|0.00|18,421
7199|KEINHIN|0.630|0.000|0.000|0.000|0.00|0
7323|KEN|0.700|0.000|0.000|0.000|0.00|0
6483|KENANGA|0.565|0.575|0.560|-0.005|-0.88|151
7161|KERJAYA|1.270|1.270|1.260|-0.010|-0.79|1,600
7161CJ|KERJAYA-CJ|0.020|0.000|0.000|0.000|0.00|0
7161WB|KERJAYA-WB|0.235|0.215|0.215|-0.020|-8.51|200
9334|KESM|9.500|9.500|9.480|-0.020|-0.21|51
0143|KEYASIC|0.110|0.110|0.110|0.000|0.00|9,621
6491|KFIMA|1.650|1.650|1.650|0.000|0.00|1,020
8303|KFM|0.165|0.165|0.165|0.000|0.00|200
0151|KGB|1.270|1.270|1.250|-0.020|-1.57|12,260
0151WA|KGB-WA|0.745|0.740|0.735|-0.010|-1.34|2,240
0036|KGROUP|0.040|0.040|0.040|0.000|0.00|2,500
0036WB|KGROUP-WB|0.010|0.000|0.000|0.000|0.00|0
6203|KHEESAN|0.600|0.575|0.595|-0.005|-0.83|58
7062|KHIND|1.680|1.700|1.700|+0.020|+1.19|41
6211|KIALIM|0.220|0.225|0.225|+0.005|+2.27|200
3522|KIANJOO|3.040|3.040|3.050|+0.010|+0.33|5,874
5371|KIMHIN|1.220|1.230|1.220|0.000|0.00|132
5171|KIMLUN|1.280|1.290|1.240|-0.040|-3.13|225
5171WA|KIMLUN-WA|0.310|0.000|0.000|0.000|0.00|0
5060|KINSTEL|0.005|0.000|0.000|0.000|0.00|0
5280|KIPREIT|0.830|0.830|0.845|+0.015|+1.81|704
9466|KKB|1.240|1.240|1.220|-0.020|-1.61|1,960
5235SS|KLCC|7.750|7.760|7.730|-0.020|-0.26|8,459
2445|KLK|24.760|24.580|24.720|-0.040|-0.16|7,267
2445C2|KLK-C2|0.140|0.000|0.000|0.000|0.00|0
2453|KLUANG|3.560|3.600|3.600|+0.040|+1.12|12
5027|KMLOONG|1.260|1.280|1.290|+0.030|+2.38|670
5027WB|KMLOONG-WB|0.210|0.000|0.000|0.000|0.00|0
7164|KNM|0.100|0.100|0.105|+0.005|+5.00|88,425
7164WB|KNM-WB|0.015|0.015|0.015|0.000|0.00|500
5035|KNUSFOR|0.430|0.000|0.000|0.000|0.00|0
6971|KOBAY|1.530|1.500|1.500|-0.030|-1.96|318
7017|KOMARK|0.180|0.185|0.190|+0.010|+5.56|9,950
7017WB|KOMARK-WB|0.030|0.025|0.030|0.000|0.00|3,803
7153|KOSSAN|3.800|3.790|3.750|-0.050|-1.32|6,114
7153CY|KOSSAN-CY|0.010|0.000|0.000|0.000|0.00|0
7153CZ|KOSSAN-CZ|0.150|0.000|0.000|0.000|0.00|0
0002|KOTRA|1.750|1.790|1.790|+0.040|+2.29|50
5878|KPJ|1.010|1.020|1.040|+0.030|+2.97|43,912
5878CR|KPJ-CR|0.020|0.000|0.000|0.000|0.00|0
5878CS|KPJ-CS|0.030|0.000|0.000|0.000|0.00|0
7130|KPOWER|0.480|0.000|0.000|0.000|0.00|0
5843|KPS|1.310|1.310|1.330|+0.020|+1.53|2,868
9121|KPSCB|0.510|0.510|0.515|+0.005|+0.98|1,945
1996|KRETAM|0.400|0.400|0.400|0.000|0.00|3,660
0176|KRONO|0.625|0.625|0.620|-0.005|-0.80|23,045
3476|KSENG|4.650|4.650|4.700|+0.050|+1.08|57
5038|KSL|0.840|0.840|0.855|+0.015|+1.79|26,733
5192|KSSC|0.560|0.560|0.550|-0.010|-1.79|15,811
5172|KSTAR|0.080|0.080|0.080|0.000|0.00|1,000
5172WA|KSTAR-WA|0.020|0.000|0.000|0.000|0.00|0
4847|KTB|0.070|0.000|0.000|0.000|0.00|0
0180|KTC|0.190|0.190|0.185|-0.005|-2.63|65,000
6874|KUB|0.450|0.450|0.435|-0.015|-3.33|38,955
2186|KUCHAI|1.600|1.610|1.600|0.000|0.00|345
6572|KWANTAS|0.830|0.000|0.000|0.000|0.00|0
8362|KYM|0.340|0.305|0.305|-0.035|-10.29|200
3174|L&G|0.155|0.150|0.150|-0.005|-3.23|9,846
3794|LAFMSIA|1.900|1.890|1.890|-0.010|-0.53|431
0018|LAMBO|0.140|0.130|0.145|+0.005|+3.57|51,765
1643|LANDMRK|0.470|0.465|0.465|-0.005|-1.06|2,255
7006|LATITUD|3.970|3.970|3.960|-0.010|-0.25|131
9385|LAYHONG|0.420|0.425|0.440|+0.020|+4.76|163,538
9385WA|LAYHONG-WA|0.185|0.185|0.195|+0.010|+5.41|65,526
9326|LBALUM|0.495|0.485|0.480|-0.015|-3.03|220
8494|LBICAP|0.780|0.790|0.835|+0.055|+7.05|920
5789|LBS|0.680|0.680|0.680|0.000|0.00|1,943
5789PA|LBS-PA|0.840|0.000|0.000|0.000|0.00|0
5789WB|LBS-WB|0.245|0.000|0.000|0.000|0.00|0
5284|LCTITAN|4.300|4.280|4.280|-0.020|-0.47|4,226
9628|LEBTECH|0.860|0.000|0.000|0.000|0.00|0
8079|LEESK|0.915|0.915|0.935|+0.020|+2.19|2,084
5232|LEONFB|0.490|0.485|0.485|-0.005|-1.02|600
8745|LEWEKO|0.150|0.150|0.150|0.000|0.00|300
8745WB|LEWEKO-WB|0.055|0.000|0.000|0.000|0.00|0
7170|LFECORP|0.110|0.000|0.000|0.000|0.00|0
3573|LIENHOE|0.280|0.280|0.280|0.000|0.00|1,970
7089|LIIHEN|2.760|2.760|2.720|-0.040|-1.45|3,082
8486|LIONFIB|0.440|0.420|0.420|-0.020|-4.55|90
4235|LIONIND|0.515|0.510|0.515|0.000|0.00|31,765
6645|LITRAK|4.300|4.290|4.350|+0.050|+1.16|11,130
0182|LKL|0.110|0.105|0.110|0.000|0.00|6,114
7126|LONBISC|0.440|0.440|0.420|-0.020|-4.55|106,786
7126WA|LONBISC-WA|0.040|0.035|0.040|0.000|0.00|3,140
8621|LPI|16.280|16.300|16.340|+0.060|+0.37|535
9881|LSTEEL|0.270|0.270|0.275|+0.005|+1.85|679
7085|LTKM|1.320|1.250|1.240|-0.080|-6.06|1,912
5068|LUSTER|0.080|0.080|0.080|0.000|0.00|35,141
5068WA|LUSTER-WA|0.035|0.030|0.030|-0.005|-14.29|5,500
5068WB|LUSTER-WB|0.040|0.035|0.040|0.000|0.00|7,500
5143|LUXCHEM|0.555|0.550|0.550|-0.005|-0.90|1,844
0075|LYC|0.340|0.340|0.325|-0.015|-4.41|865
9199|LYSAGHT|2.690|0.000|0.000|0.000|0.00|0
5078|M&G|0.075|0.075|0.075|0.000|0.00|222
0017|M3TECH|0.045|0.040|0.045|0.000|0.00|19,950
0017WA|M3TECH-WA|0.005|0.000|0.000|0.000|0.00|0
1198|MAA|1.000|1.000|1.000|0.000|0.00|8,636
7617|MAGNA|0.880|0.000|0.000|0.000|0.00|0
7617WB|MAGNA-WB|0.180|0.000|0.000|0.000|0.00|0
7087|MAGNI|4.550|4.550|4.550|0.000|0.00|354
3859|MAGNUM|2.420|2.400|2.390|-0.030|-1.24|29,196
8583|MAHSING|0.945|0.945|0.950|+0.005|+0.53|12,612
858317|MAHSING-C17|0.040|0.000|0.000|0.000|0.00|0
858318|MAHSING-C18|0.030|0.000|0.000|0.000|0.00|0
858319|MAHSING-C19|0.035|0.000|0.000|0.000|0.00|0
8583WC|MAHSING-WC|0.025|0.000|0.000|0.000|0.00|0
5264|MALAKOF|0.905|0.905|0.915|+0.010|+1.10|33,485
526412|MALAKOFC12|0.005|0.000|0.000|0.000|0.00|0
526413|MALAKOFC13|0.010|0.000|0.000|0.000|0.00|0
526414|MALAKOFC14|0.025|0.000|0.000|0.000|0.00|0
526415|MALAKOFC15|0.035|0.035|0.035|0.000|0.00|370
526416|MALAKOFC16|0.025|0.000|0.000|0.000|0.00|0
526417|MALAKOFC17|0.090|0.000|0.000|0.000|0.00|0
526418|MALAKOFC18|0.060|0.060|0.065|+0.005|+8.33|7,020
526419|MALAKOFC19|0.120|0.120|0.125|+0.005|+4.17|3,000
526420|MALAKOFC20|0.085|0.090|0.095|+0.010|+11.76|400
526421|MALAKOFC21|0.150|0.075|0.080|-0.070|-46.67|563
4936|MALPAC|0.850|0.000|0.000|0.000|0.00|0
6181|MALTON|0.530|0.530|0.510|-0.020|-3.77|47,030
1058|MANULFE|2.590|2.550|2.550|-0.040|-1.54|20
3514|MARCO|0.120|0.120|0.120|0.000|0.00|10,900
5098|MASTEEL|0.440|0.430|0.440|0.000|0.00|10,063
7029|MASTER|0.655|0.655|0.655|0.000|0.00|663
0189|MATANG|0.070|0.075|0.070|0.000|0.00|1,630
5236|MATRIX|1.960|1.950|1.960|0.000|0.00|4,391
5236WA|MATRIX-WA|0.145|0.140|0.140|-0.005|-3.45|191
6012|MAXIS|5.310|5.270|5.300|-0.010|-0.19|27,248
6012C8|MAXIS-C8|0.065|0.000|0.000|0.000|0.00|0
6012C9|MAXIS-C9|0.045|0.000|0.000|0.000|0.00|0
5189|MAXWELL|0.010|0.000|0.000|0.000|0.00|0
5189WA|MAXWELL-WA|0.005|0.000|0.000|0.000|0.00|0
1155|MAYBANK|9.540|9.530|9.530|-0.010|-0.10|59,663
115543|MAYBANKC43|0.085|0.085|0.085|0.000|0.00|150
115544|MAYBANKC44|0.010|0.000|0.000|0.000|0.00|0
115545|MAYBANKC45|0.065|0.020|0.020|-0.045|-69.23|50
115546|MAYBANKC46|0.020|0.015|0.015|-0.005|-25.00|2,500
115547|MAYBANKC47|0.035|0.000|0.000|0.000|0.00|0
115548|MAYBANKC48|0.030|0.000|0.000|0.000|0.00|0
115549|MAYBANKC49|0.120|0.120|0.120|0.000|0.00|4,000
115550|MAYBANKC50|0.115|0.110|0.105|-0.010|-8.70|750
115551|MAYBANKC51|0.110|0.105|0.105|-0.005|-4.55|1,205
115552|MAYBANKC52|0.050|0.050|0.050|0.000|0.00|6,001
115553|MAYBANKC53|0.150|0.000|0.000|0.000|0.00|0
5077|MAYBULK|0.615|0.620|0.605|-0.010|-1.63|3,721
5886|MBG|0.800|0.800|0.800|0.000|0.00|50
5152|MBL|1.080|1.070|1.040|-0.040|-3.70|792
5152WA|MBL-WA|0.340|0.340|0.345|+0.005|+1.47|82
5983|MBMR|2.700|2.710|2.610|-0.090|-3.33|7,562
1171|MBSB|0.995|0.995|0.980|-0.015|-1.51|61,924
117115|MBSB-C15|0.025|0.010|0.010|-0.015|-60.00|10,300
117116|MBSB-C16|0.060|0.060|0.060|0.000|0.00|2,000
117117|MBSB-C17|0.055|0.050|0.050|-0.005|-9.09|20,402
117118|MBSB-C18|0.055|0.000|0.000|0.000|0.00|0
117119|MBSB-C19|0.070|0.000|0.000|0.000|0.00|0
117120|MBSB-C20|0.035|0.025|0.025|-0.010|-28.57|1,000
7189|MBWORLD|1.630|1.630|1.630|0.000|0.00|70
7004|MCEHLDG|0.590|0.590|0.630|+0.040|+6.78|55
0167|MCLEAN|0.100|0.100|0.090|-0.010|-10.00|2,029
0167WB|MCLEAN-WB|0.015|0.000|0.000|0.000|0.00|0
5182|MCT|0.660|0.660|0.660|0.000|0.00|200
5040|MEDAINC|0.295|0.290|0.290|-0.005|-1.69|200
5040WA|MEDAINC-WA|0.095|0.000|0.000|0.000|0.00|0
5040WB|MEDAINC-WB|0.025|0.000|0.000|0.000|0.00|0
5040WC|MEDAINC-WC|0.025|0.025|0.025|0.000|0.00|2,275
4502|MEDIA|0.490|0.490|0.515|+0.025|+5.10|67,045
5090|MEDIAC|0.225|0.225|0.225|0.000|0.00|484
0081|MEGASUN|0.160|0.155|0.160|0.000|0.00|530
0081WA|MEGASUN-WA|0.050|0.045|0.040|-0.010|-20.00|611
5129|MELATI|0.495|0.475|0.465|-0.030|-6.06|419
3778|MELEWAR|0.140|0.135|0.135|-0.005|-3.57|2,443
3778WB|MELEWAR-WB|0.050|0.045|0.045|-0.005|-10.00|650
1694|MENANG|0.400|0.395|0.395|-0.005|-1.25|330
1694WB|MENANG-WB|0.005|0.005|0.010|+0.005|+100.00|6,251
0577C2|MENGNIU-C2|0.170|0.160|0.155|-0.015|-8.82|30,996
5223|MENTIGA|0.510|0.000|0.000|0.000|0.00|0
8192|MERCURY|0.860|0.000|0.000|0.000|0.00|0
5006|MERGE|1.270|1.300|1.400|+0.130|+10.24|9,488
7234|MESB|0.310|0.315|0.320|+0.010|+3.23|5,371
7234WA|MESB-WA|0.090|0.095|0.105|+0.015|+16.67|7,675
0826EA|METFAPA|1.040|0.000|0.000|0.000|0.00|0
0825EA|METFSID|0.826|0.000|0.000|0.000|0.00|0
0827EA|METFUS50|1.065|0.000|0.000|0.000|0.00|0
6149|METROD|1.700|0.000|0.000|0.000|0.00|0
3069|MFCB|3.790|3.800|3.840|+0.050|+1.32|636
3069WA|MFCB-WA|1.630|1.660|1.650|+0.020|+1.23|1,074
03015|MFGROUP|0.220|0.000|0.000|0.000|0.00|0
3662|MFLOUR|0.645|0.650|0.690|+0.045|+6.98|423,548
3662LA|MFLOUR-LA|1.240|1.260|1.330|+0.090|+7.26|5,256
3662WC|MFLOUR-WC|0.220|0.220|0.240|+0.020|+9.09|100,881
7595|MGB|0.775|0.780|0.800|+0.025|+3.23|24,442
7595WA|MGB-WA|0.230|0.300|0.300|+0.070|+30.43|289
0155|MGRC|0.255|0.000|0.000|0.000|0.00|0
5186|MHB|0.750|0.755|0.760|+0.010|+1.33|1,667
518613|MHB-C13|0.030|0.000|0.000|0.000|0.00|0
5026|MHC|0.600|0.600|0.600|0.000|0.00|1
03005|MHCARE|0.520|0.000|0.000|0.000|0.00|0
5286|MI|2.350|2.350|2.310|-0.040|-1.70|6,946
5286CA|MI-CA|0.090|0.000|0.000|0.000|0.00|0
5286CB|MI-CB|0.045|0.000|0.000|0.000|0.00|0
5286CC|MI-CC|0.080|0.000|0.000|0.000|0.00|0
5286CD|MI-CD|0.155|0.150|0.150|-0.005|-3.23|100
5286CE|MI-CE|0.150|0.000|0.000|0.000|0.00|0
5286CF|MI-CF|0.125|0.000|0.000|0.000|0.00|0
0126|MICROLN|0.435|0.405|0.405|-0.030|-6.90|59
5001|MIECO|0.270|0.270|0.275|+0.005|+1.85|6,333
0112|MIKROMB|0.265|0.260|0.265|0.000|0.00|1,744
7935|MILUX|0.680|0.000|0.000|0.000|0.00|0
5166|MINDA|0.050|0.050|0.050|0.000|0.00|930
7219|MINETEC|0.055|0.050|0.050|-0.005|-9.09|3,850
7219WA|MINETEC-WA|0.005|0.000|0.000|0.000|0.00|0
5576|MINHO|0.305|0.295|0.300|-0.005|-1.64|700
5576WC|MINHO-WC|0.085|0.075|0.075|-0.010|-11.76|494
3816|MISC|6.820|6.730|6.820|0.000|0.00|9,154
381619|MISC-C19|0.165|0.170|0.175|+0.010|+6.06|1,362
381620|MISC-C20|0.105|0.095|0.100|-0.005|-4.76|200
381621|MISC-C21|0.160|0.000|0.000|0.000|0.00|0
9571|MITRA|0.330|0.330|0.325|-0.005|-1.52|5,294
9571WD|MITRA-WD|0.035|0.000|0.000|0.000|0.00|0
9571WE|MITRA-WE|0.070|0.070|0.070|0.000|0.00|185
8141|MJPERAK|0.230|0.000|0.000|0.000|0.00|0
6114|MKH|1.250|1.250|1.250|0.000|0.00|1,686
8893|MKLAND|0.195|0.195|0.195|0.000|0.00|2,818
0085|MLAB|0.040|0.040|0.040|0.000|0.00|5,960
0085WA|MLAB-WA|0.010|0.000|0.000|0.000|0.00|0
0085WB|MLAB-WB|0.010|0.005|0.010|0.000|0.00|2,923
0034|MMAG|0.225|0.000|0.000|0.000|0.00|0
0034PA|MMAG-PA|0.090|0.090|0.090|0.000|0.00|40
0034WB|MMAG-WB|0.075|0.000|0.000|0.000|0.00|0
2194|MMCCORP|1.090|1.100|1.170|+0.080|+7.34|73,395
0113|MMSV|0.985|0.990|0.985|0.000|0.00|1,699
0103|MNC|0.040|0.040|0.040|0.000|0.00|670
0103WA|MNC-WA|0.010|0.000|0.000|0.000|0.00|0
6459|MNRB|1.000|1.000|0.985|-0.015|-1.50|46,994
0156|MPAY|0.130|0.125|0.130|0.000|0.00|14,164
6548|MPCORP|0.045|0.000|0.000|0.000|0.00|0
5237|MPHBCAP|1.070|1.110|1.110|+0.040|+3.74|458
3867|MPI|9.910|9.900|9.900|-0.010|-0.10|2,605
5123|MQREIT|1.100|1.100|1.100|0.000|0.00|299
0070|MQTECH|0.030|0.025|0.030|0.000|0.00|2,038
0070WA|MQTECH-WA|0.010|0.000|0.000|0.000|0.00|0
1651|MRCB|0.790|0.790|0.790|0.000|0.00|45,524
165134|MRCB-C34|0.010|0.000|0.000|0.000|0.00|0
165135|MRCB-C35|0.005|0.000|0.000|0.000|0.00|0
165136|MRCB-C36|0.055|0.055|0.055|0.000|0.00|100
165137|MRCB-C37|0.080|0.080|0.080|0.000|0.00|10,000
165138|MRCB-C38|0.065|0.000|0.000|0.000|0.00|0
165139|MRCB-C39|0.120|0.120|0.120|0.000|0.00|15,500
165140|MRCB-C40|0.165|0.000|0.000|0.000|0.00|0
165141|MRCB-C41|0.135|0.130|0.130|-0.005|-3.70|7,052
165142|MRCB-C42|0.055|0.055|0.055|0.000|0.00|16,010
1651WB|MRCB-WB|0.230|0.225|0.230|0.000|0.00|1,824
5916|MSC|0.855|0.850|0.890|+0.035|+4.09|3,100
5202|MSM|2.050|2.030|2.030|-0.020|-0.98|419
5011|MSNIAGA|1.530|1.520|1.530|0.000|0.00|525
5150|MSPORTS|0.010|0.010|0.010|0.000|0.00|10,929
5924|MTDACPI|0.145|0.150|0.140|-0.005|-3.45|422
0092|MTOUCHE|0.060|0.060|0.060|0.000|0.00|6,800
0092WB|MTOUCHE-WB|0.025|0.000|0.000|0.000|0.00|0
0092WC|MTOUCHE-WC|0.015|0.000|0.000|0.000|0.00|0
0043|MTRONIC|0.105|0.105|0.095|-0.010|-9.52|48,007
3883|MUDA|1.920|1.910|1.900|-0.020|-1.04|7,753
5085|MUDAJYA|0.310|0.305|0.295|-0.015|-4.84|3,133
9539|MUH|0.420|0.445|0.450|+0.030|+7.14|220
5703|MUHIBAH|3.000|3.000|2.970|-0.030|-1.00|1,719
3891|MUIIND|0.170|0.170|0.165|-0.005|-2.94|7,417
3913|MUIPROP|0.185|0.180|0.185|0.000|0.00|1,030
3905|MULPHA|2.550|2.560|2.600|+0.050|+1.96|11,528
5087|MYCRON|0.260|0.260|0.270|+0.010|+3.85|210
5087WA|MYCRON-WA|0.110|0.000|0.000|0.000|0.00|0
0138|MYEG|1.000|1.020|1.010|+0.010|+1.00|339,398
013844|MYEG-C44|0.065|0.070|0.070|+0.005|+7.69|120
013846|MYEG-C46|0.010|0.000|0.000|0.000|0.00|0
013847|MYEG-C47|0.015|0.000|0.000|0.000|0.00|0
013848|MYEG-C48|0.005|0.000|0.000|0.000|0.00|0
013849|MYEG-C49|0.005|0.000|0.000|0.000|0.00|0
013850|MYEG-C50|0.055|0.000|0.000|0.000|0.00|0
013851|MYEG-C51|0.005|0.000|0.000|0.000|0.00|0
013852|MYEG-C52|0.005|0.000|0.000|0.000|0.00|0
013853|MYEG-C53|0.010|0.000|0.000|0.000|0.00|0
013854|MYEG-C54|0.005|0.000|0.000|0.000|0.00|0
013855|MYEG-C55|0.060|0.065|0.060|0.000|0.00|42,600
013856|MYEG-C56|0.225|0.000|0.000|0.000|0.00|0
013857|MYEG-C57|0.110|0.120|0.120|+0.010|+9.09|4,000
013858|MYEG-C58|0.065|0.070|0.070|+0.005|+7.69|52,105
013859|MYEG-C59|0.110|0.115|0.110|0.000|0.00|60,960
013860|MYEG-C60|0.115|0.000|0.000|0.000|0.00|0
013861|MYEG-C61|0.075|0.075|0.075|0.000|0.00|7,008
013862|MYEG-C62|0.150|0.100|0.100|-0.050|-33.33|400
013863|MYEG-C63|0.090|0.090|0.090|0.000|0.00|900
0821EA|MYETFDJ|1.135|1.125|1.125|-0.010|-0.88|1
0824EA|MYETFID|1.140|1.140|1.140|0.000|0.00|4,000
03010|MYKRIS|0.300|0.000|0.000|0.000|0.00|0
5275|MYNEWS|1.370|1.350|1.390|+0.020|+1.46|64
0108|N2N|0.885|0.890|0.900|+0.015|+1.69|3,167
0108WB|N2N-WB|0.245|0.245|0.245|0.000|0.00|4,088
0206|NADIBHD|0.260|0.260|0.260|0.000|0.00|12,895
5073|NAIM|0.970|0.970|0.935|-0.035|-3.61|85,389
9806|NATWIDE|0.320|0.000|0.000|0.000|0.00|0
4707|NESTLE|148.800|148.400|147.000|-1.800|-1.21|385
4707CE|NESTLE-CE|0.055|0.050|0.045|-0.010|-18.18|204
0020|NETX|0.015|0.015|0.020|+0.005|+33.33|15,374
0020WB|NETX-WB|0.005|0.000|0.000|0.000|0.00|0
0096|NEXGRAM|0.015|0.020|0.020|+0.005|+33.33|15,250
0096WA|NEXGRAM-WA|0.005|0.005|0.005|0.000|0.00|5,000
0096WB|NEXGRAM-WB|0.005|0.000|0.000|0.000|0.00|0
0096WC|NEXGRAM-WC|0.005|0.000|0.000|0.000|0.00|0
7241|NGGB|0.465|0.465|0.480|+0.015|+3.23|24,205
7241WA|NGGB-WA|0.195|0.195|0.190|-0.005|-2.56|26,592
7060|NHFATT|2.850|2.700|2.700|-0.150|-5.26|184
7139|NICE|0.035|0.035|0.035|0.000|0.00|3,000
7139WB|NICE-WB|0.010|0.015|0.015|+0.005|+50.00|4
7215|NIHSIN|0.280|0.285|0.280|0.000|0.00|10,394
0083|NOTION|0.575|0.575|0.570|-0.005|-0.87|18,211
0083WC|NOTION-WC|0.255|0.255|0.255|0.000|0.00|1,060
0201|NOVA|0.490|0.525|0.490|0.000|0.00|1,871
0026|NOVAMSC|0.120|0.120|0.125|+0.005|+4.17|59,189
5047|NPC|2.000|0.000|0.000|0.000|0.00|0
03006|NPS|0.230|0.000|0.000|0.000|0.00|0
2038|NSOP|3.300|3.270|3.270|-0.030|-0.91|2
5066|NTPM|0.500|0.500|0.500|0.000|0.00|1,177
5025|NWP|0.065|0.065|0.060|-0.005|-7.69|2,750
4944|NYLEX|0.670|0.655|0.670|0.000|0.00|400
5533|OCB|0.390|0.390|0.390|0.000|0.00|40
0172|OCK|0.565|0.560|0.555|-0.010|-1.77|17,133
0172WA|OCK-WA|0.100|0.100|0.095|-0.005|-5.00|9,505
0049|OCNCASH|0.410|0.405|0.415|+0.005|+1.22|3,640
7071|OCR|0.240|0.230|0.240|0.000|0.00|5,203
7071PA|OCR-PA|0.020|0.025|0.020|0.000|0.00|3,660
7071WC|OCR-WC|0.025|0.000|0.000|0.000|0.00|0
7071WD|OCR-WD|0.050|0.050|0.055|+0.005|+10.00|5,565
7107|OFI|0.770|0.760|0.765|-0.005|-0.65|10,028
5827|OIB|2.050|0.000|0.000|0.000|0.00|0
7140|OKA|0.630|0.625|0.630|0.000|0.00|300
3018|OLYMPIA|0.110|0.105|0.110|0.000|0.00|6,130
9008|OMESTI|0.380|0.000|0.000|0.000|0.00|0
0035|OPCOM|0.640|0.630|0.625|-0.015|-2.34|12,290
0040|OPENSYS|0.340|0.335|0.340|0.000|0.00|4,330
4006|ORIENT|6.820|6.810|6.850|+0.030|+0.44|950
0079|ORION|0.175|0.170|0.160|-0.015|-8.57|85,546
0079WA|ORION-WA|0.080|0.075|0.070|-0.010|-12.50|134,677
5065|ORNA|1.000|1.010|1.020|+0.020|+2.00|187
5053|OSK|0.975|0.970|0.975|0.000|0.00|1,901
5053WC|OSK-WC|0.055|0.045|0.045|-0.010|-18.18|1,488
0053|OSKVI|0.480|0.475|0.475|-0.005|-1.04|17
0153|OVERSEA|0.130|0.120|0.120|-0.010|-7.69|1
5260|OWG|0.630|0.620|0.630|0.000|0.00|6,358
5260WA|OWG-WA|0.170|0.170|0.175|+0.005|+2.94|3,865
6009|P&O|1.000|1.000|1.000|0.000|0.00|57
7225|PA|0.055|0.055|0.055|0.000|0.00|2,200
7225WB|PA-WB|0.035|0.035|0.040|+0.005|+14.29|2,203
7052|PADINI|3.810|3.810|3.810|0.000|0.00|13,618
7052CV|PADINI-CV|0.005|0.000|0.000|0.000|0.00|0
7052CW|PADINI-CW|0.010|0.000|0.000|0.000|0.00|0
7052CX|PADINI-CX|0.135|0.000|0.000|0.000|0.00|0
7052CY|PADINI-CY|0.095|0.095|0.095|0.000|0.00|200
7052CZ|PADINI-CZ|0.125|0.000|0.000|0.000|0.00|0
3719|PANAMY|38.100|38.100|38.100|0.000|0.00|3,231
0041|PANPAGE|0.230|0.230|0.230|0.000|0.00|200
8419|PANSAR|0.840|0.845|0.840|0.000|0.00|20,292
8419WA|PANSAR-WA|0.315|0.300|0.315|0.000|0.00|40
5125|PANTECH|0.580|0.575|0.570|-0.010|-1.72|15,033
5125WA|PANTECH-WA|0.135|0.125|0.130|-0.005|-3.70|378
5125WB|PANTECH-WB|0.145|0.140|0.135|-0.010|-6.90|813
5022|PAOS|0.330|0.000|0.000|0.000|0.00|0
5022WA|PAOS-WA|0.050|0.000|0.000|0.000|0.00|0
9407|PARAGON|0.260|0.000|0.000|0.000|0.00|0
1724|PARAMON|2.140|2.170|2.160|+0.020|+0.93|312
5657|PARKSON|0.240|0.240|0.240|0.000|0.00|22,803
0022|PARLO|0.080|0.080|0.080|0.000|0.00|200
6912|PASDEC|0.400|0.380|0.405|+0.005|+1.25|3,740
6912WA|PASDEC-WA|0.075|0.000|0.000|0.000|0.00|0
0177|PASUKGB|0.055|0.055|0.055|0.000|0.00|3,058
5212|PAVREIT|1.740|1.720|1.730|-0.010|-0.57|2,328
5041|PBA|1.160|1.160|1.150|-0.010|-0.86|235
1295|PBBANK|24.620|24.700|24.600|-0.020|-0.08|42,989
129526|PBBANK-C26|0.050|0.000|0.000|0.000|0.00|0
129527|PBBANK-C27|0.040|0.035|0.035|-0.005|-12.50|2,000
129528|PBBANK-C28|0.105|0.000|0.000|0.000|0.00|0
129529|PBBANK-C29|0.205|0.180|0.180|-0.025|-12.20|100
129530|PBBANK-C30|0.125|0.000|0.000|0.000|0.00|0
129531|PBBANK-C31|0.175|0.175|0.175|0.000|0.00|2,700
6068|PCCS|0.300|0.290|0.295|-0.005|-1.67|12,276
6068WA|PCCS-WA|0.070|0.065|0.070|0.000|0.00|1,484
5183|PCHEM|9.190|9.140|9.190|0.000|0.00|60,765
518322|PCHEM-C22|0.030|0.000|0.000|0.000|0.00|0
518323|PCHEM-C23|0.015|0.000|0.000|0.000|0.00|0
518324|PCHEM-C24|0.020|0.000|0.000|0.000|0.00|0
518325|PCHEM-C25|0.050|0.000|0.000|0.000|0.00|0
518326|PCHEM-C26|0.120|0.000|0.000|0.000|0.00|0
518327|PCHEM-C27|0.135|0.000|0.000|0.000|0.00|0
518328|PCHEM-C28|0.145|0.000|0.000|0.000|0.00|0
518329|PCHEM-C29|0.140|0.145|0.145|+0.005|+3.57|1,800
518330|PCHEM-C30|0.180|0.000|0.000|0.000|0.00|0
6254|PDZ|0.035|0.030|0.035|0.000|0.00|380
6254WB|PDZ-WB|0.010|0.010|0.010|0.000|0.00|10,000
5622|PEB|0.840|0.840|0.840|0.000|0.00|185
5271|PECCA|1.040|1.040|1.090|+0.050|+4.81|51,376
5231|PELIKAN|0.350|0.355|0.355|+0.005|+1.43|2
5133|PENERGY|1.140|1.140|1.110|-0.030|-2.63|50,246
9997|PENSONI|0.420|0.380|0.385|-0.035|-8.33|179
9997WB|PENSONI-WB|0.130|0.125|0.125|-0.005|-3.85|135
7160|PENTA|3.480|3.480|3.480|0.000|0.00|17,307
7108|PERDANA|0.300|0.300|0.290|-0.010|-3.33|319,982
0047|PERISAI|0.005|0.000|0.000|0.000|0.00|0
7080|PERMAJU|0.405|0.405|0.410|+0.005|+1.23|129,420
5436|PERSTIM|4.850|4.850|4.850|0.000|0.00|5
8311|PESONA|0.210|0.205|0.210|0.000|0.00|6,723
8311WC|PESONA-WC|0.045|0.045|0.045|0.000|0.00|1,000
5219|PESTECH|1.150|1.150|1.150|0.000|0.00|726
5219CF|PESTECH-CF|0.005|0.000|0.000|0.000|0.00|0
5681|PETDAG|26.200|25.900|26.400|+0.200|+0.76|2,958
5681CW|PETDAG-CW|0.020|0.015|0.015|-0.005|-25.00|12
5681CX|PETDAG-CX|0.075|0.085|0.080|+0.005|+6.67|701
6033|PETGAS|17.740|17.620|17.720|-0.020|-0.11|7,604
6033CR|PETGAS-CR|0.025|0.020|0.020|-0.005|-20.00|10
6033CS|PETGAS-CS|0.025|0.000|0.000|0.000|0.00|0
3042|PETRONM|6.730|6.700|6.690|-0.040|-0.59|620
3042CS|PETRONM-CS|0.035|0.000|0.000|0.000|0.00|0
3611|PGLOBE|1.100|0.000|0.000|0.000|0.00|0
3611WA|PGLOBE-WA|0.110|0.000|0.000|0.000|0.00|0
7081|PHARMA|2.400|2.400|2.360|-0.040|-1.67|1,143
4464|PHB|0.020|0.015|0.015|-0.005|-25.00|12,267
7201|PICORP|0.135|0.135|0.130|-0.005|-3.70|350
7095|PIE|1.660|1.660|1.640|-0.020|-1.20|5,641
0006|PINEAPP|0.260|0.000|0.000|0.000|0.00|0
1902|PINEPAC|0.325|0.320|0.340|+0.015|+4.62|4,279
0527C2|PINGAN-C2|0.075|0.000|0.000|0.000|0.00|0
0527C3|PINGAN-C3|0.430|0.395|0.405|-0.025|-5.81|3,984
7163|PJBUMI|0.290|0.290|0.290|0.000|0.00|300
7163WA|PJBUMI-WA|0.080|0.000|0.000|0.000|0.00|0
0171|PLABS|0.325|0.325|0.295|-0.030|-9.23|20,990
7055|PLB|1.130|1.140|1.140|+0.010|+0.88|10
5075|PLENITU|1.470|1.490|1.490|+0.020|+1.36|25
9695|PLS|0.960|0.950|0.915|-0.045|-4.69|1,500
7172|PMBTECH|3.200|3.190|3.200|0.000|0.00|717
7172LA|PMBTECH-LA|3.180|0.000|0.000|0.000|0.00|0
7172WA|PMBTECH-WA|1.450|1.450|1.450|0.000|0.00|60
4081|PMCORP|0.140|0.145|0.140|0.000|0.00|1,150
8869|PMETAL|4.280|4.220|4.310|+0.030|+0.70|17,101
886915|PMETAL-C15|0.040|0.040|0.045|+0.005|+12.50|943
886916|PMETAL-C16|0.005|0.000|0.000|0.000|0.00|0
886917|PMETAL-C17|0.030|0.000|0.000|0.000|0.00|0
886918|PMETAL-C18|0.120|0.000|0.000|0.000|0.00|0
886919|PMETAL-C19|0.070|0.000|0.000|0.000|0.00|0
886920|PMETAL-C20|0.020|0.025|0.025|+0.005|+25.00|300
886921|PMETAL-C21|0.040|0.000|0.000|0.000|0.00|0
886922|PMETAL-C22|0.035|0.000|0.000|0.000|0.00|0
886923|PMETAL-C23|0.180|0.000|0.000|0.000|0.00|0
886924|PMETAL-C24|0.070|0.000|0.000|0.000|0.00|0
886925|PMETAL-C25|0.150|0.000|0.000|0.000|0.00|0
8869WC|PMETAL-WC|3.900|3.900|3.910|+0.010|+0.26|1,504
1287|PMHLDG|0.060|0.060|0.055|-0.005|-8.33|22,560
6637|PNEPCB|0.495|0.460|0.495|0.000|0.00|1,686
5080|POHKONG|0.480|0.000|0.000|0.000|0.00|0
7088|POHUAT|1.570|1.570|1.580|+0.010|+0.64|853
7088WB|POHUAT-WB|0.550|0.550|0.555|+0.005|+0.91|1,917
8117|POLY|0.435|0.000|0.000|0.000|0.00|0
03007|POLYMER|0.170|0.000|0.000|0.000|0.00|0
4634|POS|1.890|1.890|1.900|+0.010|+0.53|8,363
463421|POS-C21|0.005|0.000|0.000|0.000|0.00|0
463422|POS-C22|0.005|0.000|0.000|0.000|0.00|0
463423|POS-C23|0.005|0.000|0.000|0.000|0.00|0
463424|POS-C24|0.005|0.000|0.000|0.000|0.00|0
463425|POS-C25|0.005|0.000|0.000|0.000|0.00|0
463426|POS-C26|0.005|0.000|0.000|0.000|0.00|0
463427|POS-C27|0.005|0.000|0.000|0.000|0.00|0
463428|POS-C28|0.005|0.005|0.005|0.000|0.00|32,600
463429|POS-C29|0.040|0.000|0.000|0.000|0.00|0
463430|POS-C30|0.055|0.000|0.000|0.000|0.00|0
463431|POS-C31|0.085|0.085|0.090|+0.005|+5.88|11,495
463432|POS-C32|0.045|0.000|0.000|0.000|0.00|0
463433|POS-C33|0.125|0.130|0.130|+0.005|+4.00|1,000
4065|PPB|18.400|18.240|18.420|+0.020|+0.11|4,687
4065CJ|PPB-CJ|0.115|0.000|0.000|0.000|0.00|0
7190|PPG|0.420|0.000|0.000|0.000|0.00|0
8273|PPHB|0.540|0.540|0.540|0.000|0.00|2,692
5204|PRESBHD|0.445|0.440|0.440|-0.005|-1.12|394,588
9873|PRESTAR|0.580|0.590|0.590|+0.010|+1.72|30
7168|PRG|0.750|0.750|0.745|-0.005|-0.67|3,904
7168WA|PRG-WA|0.340|0.340|0.400|+0.060|+17.65|745
0123|PRIVA|0.070|0.065|0.065|-0.005|-7.14|9,185
8346|PRKCORP|0.395|0.000|0.000|0.000|0.00|0
8966|PRLEXUS|0.570|0.575|0.585|+0.015|+2.63|1,696
8966WA|PRLEXUS-WA|0.100|0.100|0.105|+0.005|+5.00|1,768
5070|PRTASCO|0.245|0.245|0.245|0.000|0.00|19,139
5070WA|PRTASCO-WA|0.055|0.055|0.050|-0.005|-9.09|625
7145|PSIPTEK|0.125|0.125|0.130|+0.005|+4.00|19,694
7145WA|PSIPTEK-WA|0.025|0.025|0.030|+0.005|+20.00|4,752
9598|PTARAS|2.270|2.230|2.240|-0.030|-1.32|109
0038|PTB|0.140|0.000|0.000|0.000|0.00|0
0186|PTRANS|0.235|0.235|0.240|+0.005|+2.13|109,003
0186WA|PTRANS-WA|0.060|0.055|0.060|0.000|0.00|8,605
0007|PUC|0.100|0.100|0.095|-0.005|-5.00|13,180
0007WA|PUC-WA|0.065|0.070|0.065|0.000|0.00|328
6807|PUNCAK|0.370|0.370|0.360|-0.010|-2.70|333
7134|PWF|0.890|0.000|0.000|0.000|0.00|0
7134WA|PWF-WA|0.390|0.000|0.000|0.000|0.00|0
7123|PWORTH|0.040|0.040|0.040|0.000|0.00|94,408
7237|PWROOT|1.430|1.420|1.420|-0.010|-0.70|985
7237WA|PWROOT-WA|0.280|0.280|0.280|0.000|0.00|40
0196|QES|0.230|0.230|0.225|-0.005|-2.17|26,736
7084|QL|6.820|6.760|6.820|0.000|0.00|8,890
7084CL|QL-CL|0.060|0.000|0.000|0.000|0.00|0
7084CM|QL-CM|0.060|0.060|0.060|0.000|0.00|1,404
7084CN|QL-CN|0.085|0.000|0.000|0.000|0.00|0
7544|QUALITY|0.815|0.000|0.000|0.000|0.00|0
7498|RALCO|0.230|0.220|0.220|-0.010|-4.35|2
7498WB|RALCO-WB|0.010|0.000|0.000|0.000|0.00|0
5272|RANHILL|1.330|1.310|1.320|-0.010|-0.75|1,254
7765|RAPID|5.770|5.790|5.830|+0.060|+1.04|18,068
9296|RCECAP|1.670|1.670|1.670|0.000|0.00|1,973
5256|REACH|0.300|0.300|0.295|-0.005|-1.67|26,539
5256WA|REACH-WA|0.065|0.060|0.065|0.000|0.00|354,843
03002|REDIDEA|0.280|0.000|0.000|0.000|0.00|0
0032|REDTONE|0.215|0.210|0.210|-0.005|-2.33|2,807
0032LA|REDTONE-LA|0.130|0.000|0.000|0.000|0.00|0
7232|RESINTC|0.325|0.340|0.340|+0.015|+4.62|1
0173|REV|0.200|0.200|0.205|+0.005|+2.50|411
0200|REVENUE|1.200|1.200|1.220|+0.020|+1.67|14,072
0200WA|REVENUE-WA|0.420|0.415|0.425|+0.005|+1.19|25,361
9946|REX|0.405|0.000|0.000|0.000|0.00|0
0106|REXIT|0.610|0.600|0.600|-0.010|-1.64|1,007
0037|RGB|0.215|0.215|0.215|0.000|0.00|73,937
9954|RGTBHD|0.185|0.185|0.185|0.000|0.00|24,521
9954WB|RGTBHD-WB|0.115|0.115|0.115|0.000|0.00|4,550
0202|RGTECH|0.240|0.240|0.240|0.000|0.00|3,250
1066|RHBBANK|5.750|5.860|5.710|-0.040|-0.70|53,554
106610|RHBBANKC10|0.090|0.000|0.000|0.000|0.00|0
106611|RHBBANKC11|0.070|0.085|0.070|0.000|0.00|3,052
106612|RHBBANKC12|0.110|0.125|0.120|+0.010|+9.09|750
106613|RHBBANKC13|0.085|0.095|0.085|0.000|0.00|8,236
5278|RHONEMA|0.780|0.770|0.775|-0.005|-0.64|70
9741|ROHAS|0.550|0.550|0.545|-0.005|-0.91|856
5113|RSAWIT|0.185|0.190|0.200|+0.015|+8.11|16,931
5270|RSENA|0.505|0.000|0.000|0.000|0.00|0
7803|RUBEREX|0.440|0.445|0.455|+0.015|+3.41|633
2542|RVIEW|3.020|0.000|0.000|0.000|0.00|0
5134|SAB|3.750|0.000|0.000|0.000|0.00|0
8567|SALCON|0.255|0.255|0.250|-0.005|-1.96|5,945
8567WB|SALCON-WB|0.075|0.075|0.075|0.000|0.00|12,868
0183|SALUTE|0.370|0.370|0.365|-0.005|-1.35|3,873
9822|SAM|8.010|8.090|8.110|+0.100|+1.25|383
5147|SAMCHEM|0.625|0.620|0.615|-0.010|-1.60|3,350
9113|SANBUMI|0.325|0.325|0.335|+0.010|+3.08|7,373
0541C9|SANDS-C9|0.115|0.000|0.000|0.000|0.00|0
0133|SANICHI|0.055|0.055|0.060|+0.005|+9.09|1,116
0133WC|SANICHI-WC|0.005|0.000|0.000|0.000|0.00|0
0133WD|SANICHI-WD|0.005|0.000|0.000|0.000|0.00|0
0133WE|SANICHI-WE|0.020|0.000|0.000|0.000|0.00|0
7811|SAPIND|0.750|0.000|0.000|0.000|0.00|0
5218|SAPNRG|0.320|0.320|0.315|-0.005|-1.56|591,779
5218PA|SAPNRG-PA|0.385|0.385|0.385|0.000|0.00|76
5218WA|SAPNRG-WA|0.100|0.100|0.100|0.000|0.00|296,882
521868|SAPNRGC68|0.005|0.000|0.000|0.000|0.00|0
521869|SAPNRGC69|0.010|0.000|0.000|0.000|0.00|0
521870|SAPNRGC70|0.055|0.055|0.055|0.000|0.00|7,994
521871|SAPNRGC71|0.005|0.000|0.000|0.000|0.00|0
521872|SAPNRGC72|0.005|0.000|0.000|0.000|0.00|0
521873|SAPNRGC73|0.030|0.030|0.030|0.000|0.00|110,500
521874|SAPNRGC74|0.030|0.000|0.000|0.000|0.00|0
521875|SAPNRGC75|0.080|0.080|0.075|-0.005|-6.25|19,540
4596|SAPRES|0.650|0.650|0.650|0.000|0.00|50
5252|SASBADI|0.225|0.225|0.225|0.000|0.00|23,868
5157|SAUDEE|0.310|0.000|0.000|0.000|0.00|0
5157WA|SAUDEE-WA|0.115|0.000|0.000|0.000|0.00|0
2569|SBAGAN|3.000|0.000|0.000|0.000|0.00|0
5207|SBCCORP|0.510|0.485|0.510|0.000|0.00|76
5170|SCABLE|0.260|0.260|0.275|+0.015|+5.77|3,199
0109|SCBUILD|0.020|0.020|0.025|+0.005|+25.00|501
0109WB|SCBUILD-WB|0.005|0.000|0.000|0.000|0.00|0
0158|SCC|0.505|0.505|0.510|+0.005|+0.99|307
7247|SCGM|1.180|1.210|1.190|+0.010|+0.85|2,966
7247WA|SCGM-WA|0.080|0.080|0.120|+0.040|+50.00|103
0161|SCH|0.135|0.135|0.135|0.000|0.00|1,395
0161WA|SCH-WA|0.040|0.000|0.000|0.000|0.00|0
9237|SCIB|0.470|0.465|0.465|-0.005|-1.06|27
0099|SCICOM|1.250|1.220|1.240|-0.010|-0.80|1,170
4731|SCIENTX|8.720|8.670|8.430|-0.290|-3.33|11,944
4731CF|SCIENTX-CF|0.075|0.070|0.070|-0.005|-6.67|4
7239|SCNWOLF|0.170|0.000|0.000|0.000|0.00|0
7158|SCOMI|0.040|0.040|0.045|+0.005|+12.50|27,913
7158WB|SCOMI-WB|0.010|0.010|0.010|0.000|0.00|181
7045|SCOMIES|0.050|0.050|0.055|+0.005|+10.00|410
0001|SCOMNET|0.725|0.725|0.750|+0.025|+3.45|13,219
0028|SCOPE|0.160|0.160|0.160|0.000|0.00|3,310
0028WA|SCOPE-WA|0.030|0.035|0.035|+0.005|+16.67|12,370
2224|SDRED|0.665|0.650|0.655|-0.010|-1.50|294
7073|SEACERA|0.340|0.335|0.360|+0.020|+5.88|493,315
7073WB|SEACERA-WB|0.005|0.005|0.005|0.000|0.00|428
7073WC|SEACERA-WC|0.035|0.035|0.045|+0.010|+28.57|82,497
4286|SEAL|0.340|0.000|0.000|0.000|0.00|0
5145|SEALINK|0.125|0.125|0.130|+0.005|+4.00|3,971
5163|SEB|0.300|0.000|0.000|0.000|0.00|0
0178|SEDANIA|0.115|0.000|0.000|0.000|0.00|0
7053|SEEHUP|0.920|0.000|0.000|0.000|0.00|0
03009|SEERS|0.100|0.000|0.000|0.000|0.00|0
9792|SEG|0.640|0.000|0.000|0.000|0.00|0
5250|SEM|1.450|1.450|1.470|+0.020|+1.38|2,926
5205|SENDAI|0.575|0.565|0.580|+0.005|+0.87|29,081
5279|SERBADK|3.900|3.900|3.900|0.000|0.00|54,430
5279CN|SERBADK-CN|0.030|0.000|0.000|0.000|0.00|0
5279CO|SERBADK-CO|0.020|0.000|0.000|0.000|0.00|0
5279CP|SERBADK-CP|0.090|0.000|0.000|0.000|0.00|0
5279CQ|SERBADK-CQ|0.175|0.000|0.000|0.000|0.00|0
5279CR|SERBADK-CR|0.165|0.160|0.160|-0.005|-3.03|1,000
5279CS|SERBADK-CS|0.150|0.100|0.105|-0.045|-30.00|814
7180|SERNKOU|0.555|0.535|0.530|-0.025|-4.50|770
7180WA|SERNKOU-WA|0.250|0.000|0.000|0.000|0.00|0
0055|SERSOL|0.105|0.105|0.105|0.000|0.00|90
0055WA|SERSOL-WA|0.045|0.000|0.000|0.000|0.00|0
7165|SGB|0.730|0.730|0.765|+0.035|+4.79|336
7165PA|SGB-PA|0.210|0.000|0.000|0.000|0.00|0
7165WA|SGB-WA|0.170|0.000|0.000|0.000|0.00|0
5517|SHANG|5.590|5.590|5.600|+0.010|+0.18|1,749
4316|SHCHAN|0.440|0.000|0.000|0.000|0.00|0
7412|SHH|0.500|0.000|0.000|0.000|0.00|0
6017|SHL|2.360|2.360|2.360|0.000|0.00|211
5181|SIGGAS|0.840|0.830|0.835|-0.005|-0.60|509
7246|SIGN|0.375|0.375|0.385|+0.010|+2.67|2,094
7246WA|SIGN-WA|0.070|0.000|0.000|0.000|0.00|0
4197|SIME|2.140|2.140|2.150|+0.010|+0.47|60,917
419725|SIME-C25|0.030|0.000|0.000|0.000|0.00|0
419727|SIME-C27|0.005|0.000|0.000|0.000|0.00|0
419728|SIME-C28|0.015|0.000|0.000|0.000|0.00|0
419729|SIME-C29|0.040|0.000|0.000|0.000|0.00|0
419730|SIME-C30|0.035|0.040|0.035|0.000|0.00|3,119
419731|SIME-C31|0.040|0.000|0.000|0.000|0.00|0
419732|SIME-C32|0.115|0.090|0.090|-0.025|-21.74|1,855
5285|SIMEPLT|5.110|5.110|5.090|-0.020|-0.39|19,493
5285CH|SIMEPLT-CH|0.030|0.000|0.000|0.000|0.00|0
5285CI|SIMEPLT-CI|0.045|0.045|0.040|-0.005|-11.11|104
5285CJ|SIMEPLT-CJ|0.100|0.000|0.000|0.000|0.00|0
5288|SIMEPROP|0.995|0.990|1.050|+0.055|+5.53|37,961
5288CG|SIMEPROP-CG|0.020|0.000|0.000|0.000|0.00|0
5288CH|SIMEPROP-CH|0.050|0.000|0.000|0.000|0.00|0
5288CI|SIMEPROP-CI|0.005|0.000|0.000|0.000|0.00|0
5288CJ|SIMEPROP-CJ|0.020|0.000|0.000|0.000|0.00|0
5288CK|SIMEPROP-CK|0.075|0.000|0.000|0.000|0.00|0
5288CL|SIMEPROP-CL|0.055|0.000|0.000|0.000|0.00|0
8532|SINOTOP|0.280|0.000|0.000|0.000|0.00|0
9431|SJC|0.610|0.000|0.000|0.000|0.00|0
7115|SKBSHUT|0.550|0.000|0.000|0.000|0.00|0
7155|SKPRES|1.330|1.330|1.310|-0.020|-1.50|21,844
7155CN|SKPRES-CN|0.040|0.000|0.000|0.000|0.00|0
7155CO|SKPRES-CO|0.055|0.055|0.055|0.000|0.00|6,040
7155CP|SKPRES-CP|0.065|0.000|0.000|0.000|0.00|0
03008|SLIC|0.420|0.000|0.000|0.000|0.00|0
7248|SLP|1.280|1.280|1.280|0.000|0.00|236
9776|SMCAP|0.165|0.165|0.160|-0.005|-3.03|13,062
9776WC|SMCAP-WC|0.080|0.080|0.080|0.000|0.00|2,150
0203|SMETRIC|0.485|0.480|0.505|+0.020|+4.12|18,544
4375|SMI|0.170|0.000|0.000|0.000|0.00|0
7132|SMISCOR|0.460|0.000|0.000|0.000|0.00|0
0117|SMRT|0.120|0.120|0.120|0.000|0.00|20
0169|SMTRACK|0.070|0.065|0.065|-0.005|-7.14|50
7943|SNC|0.250|0.000|0.000|0.000|0.00|0
5213|SNTORIA|0.405|0.405|0.405|0.000|0.00|8
5213WA|SNTORIA-WA|0.005|0.000|0.000|0.000|0.00|0
5213WB|SNTORIA-WB|0.055|0.000|0.000|0.000|0.00|0
5242|SOLID|0.300|0.300|0.310|+0.010|+3.33|223
5242WA|SOLID-WA|0.090|0.000|0.000|0.000|0.00|0
0093|SOLUTN|0.100|0.095|0.095|-0.005|-5.00|4,414
0093WA|SOLUTN-WA|0.035|0.000|0.000|0.000|0.00|0
5126|SOP|2.540|2.600|2.620|+0.080|+3.15|1,053
0656CF|SP500-CF|0.090|0.000|0.000|0.000|0.00|0
0656CG|SP500-CG|0.900|0.825|0.820|-0.080|-8.89|381
0656CH|SP500-CH|1.440|0.000|0.000|0.000|0.00|0
0656HF|SP500-HF|0.005|0.005|0.005|0.000|0.00|3,102
0656HG|SP500-HG|0.230|0.245|0.245|+0.015|+6.52|2,075
0656HH|SP500-HH|0.325|0.345|0.340|+0.015|+4.62|380
1783|SPB|6.230|6.240|6.230|0.000|0.00|1,156
7103|SPRITZER|2.190|2.190|2.190|0.000|0.00|307
8664|SPSETIA|2.210|2.180|2.190|-0.020|-0.90|9,237
866410|SPSETIA-C10|0.010|0.000|0.000|0.000|0.00|0
866411|SPSETIA-C11|0.070|0.070|0.070|0.000|0.00|1,000
866412|SPSETIA-C12|0.105|0.000|0.000|0.000|0.00|0
866413|SPSETIA-C13|0.080|0.080|0.080|0.000|0.00|150
866414|SPSETIA-C14|0.115|0.000|0.000|0.000|0.00|0
866415|SPSETIA-C15|0.150|0.000|0.000|0.000|0.00|0
8664C9|SPSETIA-C9|0.005|0.000|0.000|0.000|0.00|0
8664PA|SPSETIA-PA|0.900|0.910|0.910|+0.010|+1.11|529
8664PB|SPSETIA-PB|0.775|0.780|0.775|0.000|0.00|480
0129|SRIDGE|0.245|0.245|0.230|-0.015|-6.12|59,717
0129WA|SRIDGE-WA|0.080|0.080|0.075|-0.005|-6.25|12,752
5665|SSTEEL|0.775|0.775|0.780|+0.005|+0.65|1,772
5665LB|SSTEEL-LB|0.760|0.000|0.000|0.000|0.00|0
6084|STAR|0.785|0.795|0.780|-0.005|-0.64|2,273
0140|STERPRO|0.180|0.180|0.175|-0.005|-2.78|850
0140WA|STERPRO-WA|0.030|0.040|0.040|+0.010|+33.33|1
7143|STONE|0.100|0.115|0.100|0.000|0.00|660
7143WA|STONE-WA|0.010|0.000|0.000|0.000|0.00|0
0080|STRAITS|0.250|0.245|0.250|0.000|0.00|43,000
0080WA|STRAITS-WA|0.125|0.125|0.130|+0.005|+4.00|15,731
6904|SUBUR|0.510|0.570|0.520|+0.010|+1.96|230
7207|SUCCESS|0.695|0.710|0.680|-0.015|-2.16|3,823
9865|SUIWAH|2.670|2.670|2.670|0.000|0.00|122
1201|SUMATEC|0.005|0.005|0.005|0.000|0.00|34,852
1201WA|SUMATEC-WA|0.005|0.005|0.005|0.000|0.00|500
5263|SUNCON|1.750|1.750|1.730|-0.020|-1.14|17,750
5263CT|SUNCON-CT|0.005|0.000|0.000|0.000|0.00|0
5263CU|SUNCON-CU|0.055|0.000|0.000|0.000|0.00|0
5263CV|SUNCON-CV|0.030|0.000|0.000|0.000|0.00|0
5176|SUNREIT|1.760|1.760|1.770|+0.010|+0.57|8,029
3743|SUNSURIA|0.635|0.625|0.625|-0.010|-1.57|21
3743WA|SUNSURIA-WA|0.050|0.055|0.055|+0.005|+10.00|300
5211|SUNWAY|1.650|1.640|1.650|0.000|0.00|8,695
5211CR|SUNWAY-CR|0.035|0.000|0.000|0.000|0.00|0
5211CS|SUNWAY-CS|0.035|0.000|0.000|0.000|0.00|0
5211WB|SUNWAY-WB|0.285|0.295|0.280|-0.005|-1.75|1,299
0148|SUNZEN|0.170|0.170|0.180|+0.010|+5.88|14,706
0148WA|SUNZEN-WA|0.060|0.060|0.075|+0.015|+25.00|1,775
0148WB|SUNZEN-WB|0.030|0.030|0.040|+0.010|+33.33|6,792
7235|SUPERLN|1.350|1.360|1.370|+0.020|+1.48|5,310
7106|SUPERMX|1.540|1.540|1.540|0.000|0.00|75,323
710648|SUPERMX-C48|0.005|0.000|0.000|0.000|0.00|0
710650|SUPERMX-C50|0.005|0.000|0.000|0.000|0.00|0
710651|SUPERMX-C51|0.005|0.000|0.000|0.000|0.00|0
710652|SUPERMX-C52|0.030|0.025|0.025|-0.005|-16.67|1,801
710653|SUPERMX-C53|0.005|0.000|0.000|0.000|0.00|0
710654|SUPERMX-C54|0.095|0.000|0.000|0.000|0.00|0
710655|SUPERMX-C55|0.050|0.045|0.045|-0.005|-10.00|500
710656|SUPERMX-C56|0.115|0.110|0.105|-0.010|-8.70|20,600
710657|SUPERMX-C57|0.100|0.000|0.000|0.000|0.00|0
710658|SUPERMX-C58|0.065|0.065|0.065|0.000|0.00|300
710659|SUPERMX-C59|0.095|0.090|0.090|-0.005|-5.26|1,000
710660|SUPERMX-C60|0.045|0.045|0.040|-0.005|-11.11|12,600
710661|SUPERMX-C61|0.045|0.000|0.000|0.000|0.00|0
710662|SUPERMX-C62|0.075|0.075|0.075|0.000|0.00|5,040
710663|SUPERMX-C63|0.070|0.070|0.070|0.000|0.00|498
710664|SUPERMX-C64|0.150|0.090|0.090|-0.060|-40.00|400
710665|SUPERMX-C65|0.110|0.110|0.110|0.000|0.00|22,100
03018|SUPREME|0.680|0.000|0.000|0.000|0.00|0
6521|SURIA|1.390|1.390|1.380|-0.010|-0.72|1,023
5135|SWKPLNT|1.540|0.000|0.000|0.000|0.00|0
7186|SWSCAP|0.670|0.000|0.000|0.000|0.00|0
7186WB|SWSCAP-WB|0.070|0.060|0.070|0.000|0.00|315
9717|SYCAL|0.235|0.000|0.000|0.000|0.00|0
7082|SYF|0.220|0.220|0.220|0.000|0.00|100
7082WB|SYF-WB|0.010|0.000|0.000|0.000|0.00|0
1538|SYMLIFE|0.395|0.390|0.390|-0.005|-1.27|668
1538WB|SYMLIFE-WB|0.030|0.030|0.030|0.000|0.00|3,398
5173|SYSCORP|0.300|0.290|0.295|-0.005|-1.67|510
0050|SYSTECH|0.240|0.235|0.230|-0.010|-4.17|1,791
7228|T7GLOBAL|0.520|0.535|0.540|+0.020|+3.85|284,018
4898|TA|0.630|0.630|0.640|+0.010|+1.59|10,545
5012|TAANN|2.450|2.460|2.450|0.000|0.00|1,589
5012CM|TAANN-CM|0.080|0.000|0.000|0.000|0.00|0
4022|TADMAX|0.235|0.230|0.235|0.000|0.00|14,741
7211|TAFI|0.325|0.000|0.000|0.000|0.00|0
5158|TAGB|0.260|0.250|0.250|-0.010|-3.85|7,030
6139|TAKAFUL|4.390|4.480|4.550|+0.160|+3.64|14,441
6139CC|TAKAFUL-CC|0.060|0.000|0.000|0.000|0.00|0
2259|TALAMT|0.030|0.030|0.035|+0.005|+16.67|21,167
8524|TALIWRK|0.860|0.860|0.845|-0.015|-1.74|3,568
5191|TAMBUN|0.770|0.760|0.765|-0.005|-0.65|1,480
2429|TANCO|0.055|0.055|0.055|0.000|0.00|5,502
2429WB|TANCO-WB|0.025|0.000|0.000|0.000|0.00|0
5149|TAS|0.275|0.265|0.265|-0.010|-3.64|100
5140|TASCO|1.350|1.370|1.410|+0.060|+4.44|718
4448|TASEK|4.700|4.750|4.750|+0.050|+1.06|10
4448P|TASEK-PA|10.100|0.000|0.000|0.000|0.00|0
7097|TAWIN|0.465|0.465|0.470|+0.005|+1.08|2,149
4405|TCHONG|1.620|1.620|1.620|0.000|0.00|288
0132|TDEX|0.080|0.070|0.080|0.000|0.00|750
2054|TDM|0.175|0.180|0.175|0.000|0.00|102,488
0084|TECFAST|0.330|0.335|0.325|-0.005|-1.52|3,857
7439|TECGUAN|0.775|0.880|0.900|+0.125|+16.13|489
5289|TECHBND|0.800|0.805|0.785|-0.015|-1.88|12,296
7200|TEKSENG|0.245|0.245|0.255|+0.010|+4.08|1,857
7200WA|TEKSENG-WA|0.065|0.000|0.000|0.000|0.00|0
5347|TENAGA|12.960|12.800|12.800|-0.160|-1.23|79,026
534747|TENAGA-C47|0.050|0.000|0.000|0.000|0.00|0
534749|TENAGA-C49|0.010|0.000|0.000|0.000|0.00|0
534750|TENAGA-C50|0.050|0.050|0.050|0.000|0.00|8,444
534751|TENAGA-C51|0.050|0.040|0.040|-0.010|-20.00|13,262
534752|TENAGA-C52|0.040|0.000|0.000|0.000|0.00|0
534753|TENAGA-C53|0.065|0.060|0.060|-0.005|-7.69|200
534754|TENAGA-C54|0.125|0.120|0.120|-0.005|-4.00|9,500
0546C7|TENCENT-C7|0.170|0.185|0.185|+0.015|+8.82|150
7252|TEOSENG|1.300|1.300|1.290|-0.010|-0.77|2,805
7252WA|TEOSENG-WA|0.315|0.305|0.305|-0.010|-3.17|1,000
8702|TEXCHEM|0.595|0.620|0.625|+0.030|+5.04|22
0089|TEXCYCL|0.555|0.000|0.000|0.000|0.00|0
0145|TFP|0.095|0.000|0.000|0.000|0.00|0
9369|TGL|0.950|0.000|0.000|0.000|0.00|0
7034|TGUAN|2.690|2.690|2.650|-0.040|-1.49|1,977
7034LA|TGUAN-LA|2.250|0.000|0.000|0.000|0.00|0
7034WA|TGUAN-WA|1.160|1.150|1.130|-0.030|-2.59|120
9075|THETA|0.420|0.425|0.440|+0.020|+4.76|11,876
7206|THHEAVY|0.050|0.050|0.050|0.000|0.00|65,844
7206PB|THHEAVY-PB|0.015|0.000|0.000|0.000|0.00|0
5112|THPLANT|0.510|0.515|0.530|+0.020|+3.92|1,240
7889|THRIVEN|0.210|0.210|0.215|+0.005|+2.38|6,744
7889WB|THRIVEN-WB|0.060|0.065|0.060|0.000|0.00|108
7374|TIENWAH|1.260|1.280|1.320|+0.060|+4.76|76
7079|TIGER|0.080|0.075|0.080|0.000|0.00|8,829
7079WC|TIGER-WC|0.020|0.000|0.000|0.000|0.00|0
5031|TIMECOM|8.540|8.600|8.540|0.000|0.00|8,516
7854|TIMWELL|0.680|0.660|0.640|-0.040|-5.88|328
5239|TITIJYA|0.320|0.315|0.315|-0.005|-1.56|2,674
5239PA|TITIJYA-PA|0.035|0.000|0.000|0.000|0.00|0
4863|TM|3.090|3.080|3.190|+0.100|+3.24|69,183
486327|TM-C27|0.005|0.000|0.000|0.000|0.00|0
486328|TM-C28|0.005|0.000|0.000|0.000|0.00|0
486329|TM-C29|0.005|0.000|0.000|0.000|0.00|0
486330|TM-C30|0.045|0.000|0.000|0.000|0.00|0
486331|TM-C31|0.040|0.045|0.050|+0.010|+25.00|200
486332|TM-C32|0.015|0.000|0.000|0.000|0.00|0
486333|TM-C33|0.065|0.000|0.000|0.000|0.00|0
486334|TM-C34|0.075|0.080|0.095|+0.020|+26.67|1,074
486335|TM-C35|0.115|0.125|0.125|+0.010|+8.70|1,500
486336|TM-C36|0.205|0.000|0.000|0.000|0.00|0
486337|TM-C37|0.345|0.340|0.370|+0.025|+7.25|1,410
486338|TM-C38|0.170|0.000|0.000|0.000|0.00|0
486339|TM-C39|0.225|0.220|0.245|+0.020|+8.89|3,212
486340|TM-C40|0.150|0.000|0.000|0.000|0.00|0
0101|TMCLIFE|0.720|0.725|0.740|+0.020|+2.78|12,224
0101WB|TMCLIFE-WB|0.015|0.015|0.030|+0.015|+100.00|64,383
8397|TNLOGIS|0.620|0.605|0.610|-0.010|-1.61|763
7218|TOCEAN|0.755|0.000|0.000|0.000|0.00|0
7230|TOMEI|0.590|0.585|0.585|-0.005|-0.85|100
7285|TOMYPAK|0.525|0.530|0.530|+0.005|+0.95|2,524
7285WA|TOMYPAK-WA|0.185|0.195|0.195|+0.010|+5.41|510
5010|TONGHER|3.650|3.600|3.600|-0.050|-1.37|428
7113|TOPGLOV|4.600|4.600|4.600|0.000|0.00|76,341
711333|TOPGLOV-C33|0.005|0.000|0.000|0.000|0.00|0
711340|TOPGLOV-C40|0.010|0.000|0.000|0.000|0.00|0
711341|TOPGLOV-C41|0.015|0.010|0.010|-0.005|-33.33|301
711342|TOPGLOV-C42|0.035|0.030|0.030|-0.005|-14.29|46,654
711343|TOPGLOV-C43|0.045|0.050|0.050|+0.005|+11.11|50
711344|TOPGLOV-C44|0.040|0.040|0.035|-0.005|-12.50|1,380
711345|TOPGLOV-C45|0.100|0.100|0.095|-0.005|-5.00|2,905
711346|TOPGLOV-C46|0.095|0.090|0.090|-0.005|-5.26|15,100
711347|TOPGLOV-C47|0.115|0.115|0.115|0.000|0.00|26,666
711348|TOPGLOV-C48|0.085|0.085|0.075|-0.010|-11.76|122
711349|TOPGLOV-C49|0.155|0.155|0.155|0.000|0.00|30,000
711350|TOPGLOV-C50|0.115|0.110|0.110|-0.005|-4.35|200
03013|TOPVISN|0.380|0.000|0.000|0.000|0.00|0
7173|TOYOINK|0.630|0.620|0.620|-0.010|-1.59|20
7173WB|TOYOINK-WB|0.095|0.090|0.095|0.000|0.00|1,380
7176|TPC|0.455|0.440|0.435|-0.020|-4.40|3,106
7176WA|TPC-WA|0.225|0.220|0.215|-0.010|-4.44|3,076
5054|TRC|0.530|0.530|0.535|+0.005|+0.94|99,696
0199|TRIMODE|0.455|0.470|0.450|-0.005|-1.10|420
0118|TRIVE|0.020|0.015|0.020|0.000|0.00|100,719
0118WB|TRIVE-WB|0.005|0.000|0.000|0.000|0.00|0
5401|TROP|0.860|0.865|0.860|0.000|0.00|720
5401WA|TROP-WA|0.030|0.025|0.025|-0.005|-16.67|890
9059|TSH|1.100|1.130|1.110|+0.010|+0.91|4,328
5042|TSRCAP|0.450|0.420|0.410|-0.040|-8.89|100
5042WB|TSRCAP-WB|0.035|0.000|0.000|0.000|0.00|0
5230|TUNEPRO|0.655|0.655|0.645|-0.010|-1.53|4,846
5167|TURBO|0.750|0.765|0.755|+0.005|+0.67|100
4359|TURIYA|0.125|0.000|0.000|0.000|0.00|0
5111|TWRREIT|0.900|0.000|0.000|0.000|0.00|0
7100|UCHITEC|2.780|2.780|2.750|-0.030|-1.08|1,832
7100CD|UCHITEC-CD|0.005|0.000|0.000|0.000|0.00|0
7100CE|UCHITEC-CE|0.025|0.000|0.000|0.000|0.00|0
0005|UCREST|0.260|0.255|0.250|-0.010|-3.85|36,186
5148|UEMS|0.835|0.835|0.840|+0.005|+0.60|19,839
514864|UEMS-C64|0.040|0.000|0.000|0.000|0.00|0
514865|UEMS-C65|0.080|0.085|0.085|+0.005|+6.25|1,700
514866|UEMS-C66|0.070|0.000|0.000|0.000|0.00|0
7133|ULICORP|0.440|0.450|0.440|0.000|0.00|2,548
2593|UMCCA|5.500|5.550|5.500|0.000|0.00|233
7137|UMS|2.510|2.490|2.470|-0.040|-1.59|40
7227|UMSNGB|1.030|1.040|1.080|+0.050|+4.85|269
4588|UMW|5.750|5.760|5.740|-0.010|-0.17|27,276
458810|UMW-C10|0.005|0.000|0.000|0.000|0.00|0
458811|UMW-C11|0.045|0.040|0.035|-0.010|-22.22|8
458812|UMW-C12|0.240|0.000|0.000|0.000|0.00|0
458813|UMW-C13|0.205|0.000|0.000|0.000|0.00|0
458814|UMW-C14|0.195|0.195|0.195|0.000|0.00|1,616
458815|UMW-C15|0.205|0.205|0.205|0.000|0.00|1,400
458816|UMW-C16|0.125|0.115|0.115|-0.010|-8.00|70
458817|UMW-C17|0.115|0.120|0.115|0.000|0.00|304
4588C9|UMW-C9|0.025|0.000|0.000|0.000|0.00|0
7091|UNIMECH|1.030|1.020|1.000|-0.030|-2.91|2,300
5005|UNISEM|2.800|2.800|2.820|+0.020|+0.71|146
500511|UNISEM-C11|0.220|0.000|0.000|0.000|0.00|0
500512|UNISEM-C12|0.060|0.000|0.000|0.000|0.00|0
500513|UNISEM-C13|0.065|0.000|0.000|0.000|0.00|0
500514|UNISEM-C14|0.045|0.000|0.000|0.000|0.00|0
500515|UNISEM-C15|0.075|0.000|0.000|0.000|0.00|0
03017|UNIWALL|0.300|0.000|0.000|0.000|0.00|0
5200|UOADEV|2.230|2.210|2.220|-0.010|-0.45|159
5110|UOAREIT|1.350|1.340|1.350|0.000|0.00|371
7757|UPA|2.190|2.170|2.170|-0.020|-0.91|20
2089|UTDPLT|27.480|27.500|27.300|-0.180|-0.66|67
5754|UTUSAN|0.165|0.145|0.155|-0.010|-6.06|707
7250|UZMA|0.935|0.940|1.000|+0.065|+6.95|33,734
0060|VC|0.130|0.130|0.130|0.000|0.00|4,610
5243|VELESTO|0.245|0.245|0.260|+0.015|+6.12|292,489
524324|VELESTO-C24|0.215|0.000|0.000|0.000|0.00|0
524325|VELESTO-C25|0.020|0.000|0.000|0.000|0.00|0
524326|VELESTO-C26|0.060|0.065|0.065|+0.005|+8.33|153
524327|VELESTO-C27|0.075|0.080|0.080|+0.005|+6.67|5,468
5243WA|VELESTO-WA|0.090|0.085|0.095|+0.005|+5.56|68,387
4995|VERSATL|0.485|0.410|0.410|-0.075|-15.46|450
7240|VERTICE|0.890|0.870|0.860|-0.030|-3.37|2,691
7240WA|VERTICE-WA|0.500|0.000|0.000|0.000|0.00|0
0120|VIS|0.525|0.515|0.515|-0.010|-1.90|14,471
0120WB|VIS-WB|0.200|0.200|0.190|-0.010|-5.00|3,055
0097|VITROX|7.170|7.180|7.190|+0.020|+0.28|14,669
0097CL|VITROX-CL|0.045|0.000|0.000|0.000|0.00|0
0097CM|VITROX-CM|0.065|0.000|0.000|0.000|0.00|0
0069|VIVOCOM|0.020|0.020|0.020|0.000|0.00|40,716
0069WC|VIVOCOM-WC|0.005|0.000|0.000|0.000|0.00|0
0069WD|VIVOCOM-WD|0.005|0.000|0.000|0.000|0.00|0
0069WE|VIVOCOM-WE|0.005|0.005|0.010|+0.005|+100.00|1,103
7070|VIZIONE|0.985|0.985|0.985|0.000|0.00|10,876
7070LA|VIZIONE-LA|0.070|0.000|0.000|0.000|0.00|0
7070WC|VIZIONE-WC|0.420|0.400|0.400|-0.020|-4.76|450
6963|VS|1.030|1.030|1.080|+0.050|+4.85|454,472
696310|VS-C10|0.115|0.115|0.120|+0.005|+4.35|122,245
696311|VS-C11|0.205|0.000|0.000|0.000|0.00|0
696312|VS-C12|0.095|0.095|0.100|+0.005|+5.26|23,364
696313|VS-C13|0.115|0.115|0.120|+0.005|+4.35|49,201
6963C5|VS-C5|0.010|0.000|0.000|0.000|0.00|0
6963C6|VS-C6|0.005|0.000|0.000|0.000|0.00|0
6963C7|VS-C7|0.005|0.000|0.000|0.000|0.00|0
6963C8|VS-C8|0.185|0.190|0.195|+0.010|+5.41|51,100
6963C9|VS-C9|0.155|0.155|0.160|+0.005|+3.23|51,950
0066|VSOLAR|0.195|0.190|0.185|-0.010|-5.13|178,613
5162|VSTECS|0.995|1.000|0.980|-0.015|-1.51|215
7203|WANGZNG|1.200|0.000|0.000|0.000|0.00|0
5016|WARISAN|2.300|2.130|2.130|-0.170|-7.39|26
5142|WASEONG|0.785|0.785|0.810|+0.025|+3.18|7,631
7226|WATTA|0.840|0.840|0.840|0.000|0.00|130
3565|WCEHB|0.510|0.505|0.510|0.000|0.00|2,661
9679|WCT|0.820|0.820|0.800|-0.020|-2.44|19,103
967914|WCT-C14|0.010|0.000|0.000|0.000|0.00|0
967915|WCT-C15|0.015|0.000|0.000|0.000|0.00|0
967916|WCT-C16|0.050|0.000|0.000|0.000|0.00|0
9679WE|WCT-WE|0.075|0.070|0.065|-0.010|-13.33|8,114
0197|WEGMANS|0.325|0.330|0.325|0.000|0.00|6,021
0197WA|WEGMANS-WA|0.150|0.150|0.150|0.000|0.00|2,538
7231|WELLCAL|1.270|1.300|1.280|+0.010|+0.79|167
0162|WIDAD|0.340|0.335|0.345|+0.005|+1.47|119,335
0162WA|WIDAD-WA|0.125|0.120|0.125|0.000|0.00|12,148
7692|WIDETEC|0.565|0.540|0.540|-0.025|-4.42|10
0008|WILLOW|0.455|0.450|0.455|0.000|0.00|2,163
0141|WINTONI|0.035|0.000|0.000|0.000|0.00|0
6378|WMG|0.120|0.000|0.000|0.000|0.00|0
7050|WONG|0.625|0.000|0.000|0.000|0.00|0
7025|WOODLAN|0.750|0.000|0.000|0.000|0.00|0
5246|WPRTS|3.800|3.730|3.740|-0.060|-1.58|3,762
5246CX|WPRTS-CX|0.050|0.000|0.000|0.000|0.00|0
5246CY|WPRTS-CY|0.150|0.000|0.000|0.000|0.00|0
5009|WTHORSE|1.280|0.000|0.000|0.000|0.00|0
4243|WTK|0.520|0.525|0.585|+0.065|+12.50|49,019
7245|WZSATU|0.335|0.340|0.335|0.000|0.00|27,405
7245WA|WZSATU-WA|0.120|0.130|0.130|+0.010|+8.33|3,650
5156|XDL|0.110|0.105|0.105|-0.005|-4.55|94,332
5156WD|XDL-WD|0.020|0.015|0.020|0.000|0.00|420
7121|XIANLNG|0.460|0.000|0.000|0.000|0.00|0
0581C1|XIAOMI-C1|0.025|0.000|0.000|0.000|0.00|0
0581C2|XIAOMI-C2|0.210|0.210|0.230|+0.020|+9.52|1,782
0095|XINGHE|0.030|0.030|0.035|+0.005|+16.67|47,248
0095WA|XINGHE-WA|0.005|0.000|0.000|0.000|0.00|0
5267|XINHWA|0.840|0.825|0.840|0.000|0.00|6,860
5155|XINQUAN|0.055|0.000|0.000|0.000|0.00|0
5155WA|XINQUAN-WA|0.005|0.000|0.000|0.000|0.00|0
5155WB|XINQUAN-WB|0.015|0.000|0.000|0.000|0.00|0
0165|XOX|0.050|0.055|0.050|0.000|0.00|8,266
7003|Y&G|0.910|0.000|0.000|0.000|0.00|0
7003WA|Y&G-WA|0.100|0.000|0.000|0.000|0.00|0
0025|YBS|0.145|0.140|0.140|-0.005|-3.45|1,699
5584|YEELEE|1.850|1.860|1.860|+0.010|+0.54|40
7122|YFG|0.005|0.000|0.000|0.000|0.00|0
0086|YGL|0.115|0.110|0.110|-0.005|-4.35|200
5048|YILAI|0.610|0.620|0.620|+0.010|+1.64|356
7293|YINSON|4.450|4.460|4.500|+0.050|+1.12|11,390
7293CT|YINSON-CT|0.030|0.000|0.000|0.000|0.00|0
7293CU|YINSON-CU|0.075|0.000|0.000|0.000|0.00|0
7293CV|YINSON-CV|0.055|0.000|0.000|0.000|0.00|0
7020|YKGI|0.105|0.105|0.100|-0.005|-4.76|3,872
7020WB|YKGI-WB|0.015|0.015|0.015|0.000|0.00|100
7014|YLI|0.240|0.000|0.000|0.000|0.00|0
3158|YNHPROP|1.200|1.180|1.150|-0.050|-4.17|71,187
5159|YOCB|1.190|1.190|1.170|-0.020|-1.68|4,661
7066|YONGTAI|0.335|0.335|0.335|0.000|0.00|42,121
7066PA|YONGTAI-PA|0.200|0.195|0.200|0.000|0.00|3,162
7066WA|YONGTAI-WA|0.105|0.105|0.095|-0.010|-9.52|6,670
7178|YSPSAH|2.900|2.910|2.900|0.000|0.00|637
4677|YTL|1.030|1.030|1.020|-0.010|-0.97|31,100
467722|YTL-C22|0.050|0.000|0.000|0.000|0.00|0
467723|YTL-C23|0.055|0.050|0.050|-0.005|-9.09|100
467724|YTL-C24|0.150|0.000|0.000|0.000|0.00|0
2577|YTLLAND|0.400|0.400|0.400|0.000|0.00|1,000
2577LA|YTLLAND-LA|0.355|0.355|0.355|0.000|0.00|55
6742|YTLPOWR|0.860|0.860|0.860|0.000|0.00|30,030
6742C5|YTLPOWR-C5|0.005|0.000|0.000|0.000|0.00|0
6742C6|YTLPOWR-C6|0.055|0.000|0.000|0.000|0.00|0
6742C7|YTLPOWR-C7|0.150|0.000|0.000|0.000|0.00|0
5109|YTLREIT|1.280|1.270|1.270|-0.010|-0.78|3,183
7028|ZECON|0.225|0.220|0.230|+0.005|+2.22|25,545
2283|ZELAN|0.080|0.080|0.085|+0.005|+6.25|90,244
5131|ZHULIAN|1.370|1.350|1.360|-0.010|-0.73|337
0012|3A|0.855|0.000|0.000|0.000|0.00|0
