070322|A50CHIN-C22|0.275|0.290|0.310|+0.035|+12.73|35,452
070324|A50CHIN-C24|0.830|0.890|0.915|+0.085|+10.24|500
070326|A50CHIN-C26|0.505|0.000|0.000|0.000|0.00|0
070328|A50CHIN-C28|0.285|0.290|0.295|+0.010|+3.51|9,757
070330|A50CHIN-C30|0.390|0.405|0.420|+0.030|+7.69|184,348
070332|A50CHIN-C32|0.810|0.830|0.940|+0.130|+16.05|123
070334|A50CHIN-C34|0.915|0.000|0.000|0.000|0.00|0
070336|A50CHIN-C36|0.590|0.605|0.610|+0.020|+3.39|15,019
070321|A50CHIN-H21|0.050|0.000|0.000|0.000|0.00|0
070323|A50CHIN-H23|0.005|0.000|0.000|0.000|0.00|0
070325|A50CHIN-H25|0.035|0.000|0.000|0.000|0.00|0
070327|A50CHIN-H27|0.075|0.075|0.065|-0.010|-13.33|39,193
7054|AASIA|0.145|0.000|0.000|0.000|0.00|0
5238|AAX|0.255|0.255|0.250|-0.005|-1.96|74,981
523820|AAX-C20|0.005|0.000|0.000|0.000|0.00|0
523821|AAX-C21|0.005|0.000|0.000|0.000|0.00|0
5238WA|AAX-WA|0.055|0.055|0.055|0.000|0.00|17,724
0800EA|ABFMY1|1.167|0.000|0.000|0.000|0.00|0
7086|ABLEGRP|0.070|0.000|0.000|0.000|0.00|0
2488|ABMB|4.200|4.150|4.200|0.000|0.00|7,500
2488CY|ABMB-CY|0.100|0.000|0.000|0.000|0.00|0
7131|ACME|0.230|0.000|0.000|0.000|0.00|0
7120|ACOSTEC|0.430|0.435|0.440|+0.010|+2.33|19,560
5281|ADVCON|0.340|0.350|0.345|+0.005|+1.47|8,270
7191|ADVENTA|0.370|0.370|0.360|-0.010|-2.70|222
9148|ADVPKG|1.900|0.000|0.000|0.000|0.00|0
7146|AEM|0.120|0.000|0.000|0.000|0.00|0
7146WA|AEM-WA|0.005|0.000|0.000|0.000|0.00|0
0181|AEMULUS|0.245|0.245|0.250|+0.005|+2.04|18,022
6599|AEON|1.600|1.600|1.620|+0.020|+1.25|9,141
6599CO|AEON-CO|0.055|0.055|0.060|+0.005|+9.09|1,814
6599CP|AEON-CP|0.050|0.000|0.000|0.000|0.00|0
6599CQ|AEON-CQ|0.030|0.000|0.000|0.000|0.00|0
5139|AEONCR|16.700|17.000|16.800|+0.100|+0.60|2,744
5139LA|AEONCR-LA|1.500|0.000|0.000|0.000|0.00|0
5185|AFFIN|2.280|2.280|2.300|+0.020|+0.88|1,353
5198|AFUJIYA|0.500|0.535|0.535|+0.035|+7.00|30
7315|AHB|0.135|0.130|0.135|0.000|0.00|980
7315WB|AHB-WB|0.005|0.005|0.005|0.000|0.00|1,175
7090|AHEALTH|9.580|9.580|9.790|+0.210|+2.19|751
4952|AHP|0.760|0.770|0.770|+0.010|+1.32|22
0122|AIM|0.280|0.000|0.000|0.000|0.00|0
5099|AIRASIA|2.740|2.750|2.810|+0.070|+2.55|146,086
509959|AIRASIAC59|0.025|0.000|0.000|0.000|0.00|0
509967|AIRASIAC67|0.100|0.115|0.115|+0.015|+15.00|5,216
509968|AIRASIAC68|0.010|0.000|0.000|0.000|0.00|0
509969|AIRASIAC69|0.035|0.040|0.040|+0.005|+14.29|200
509970|AIRASIAC70|0.020|0.020|0.020|0.000|0.00|17,850
509971|AIRASIAC71|0.085|0.085|0.090|+0.005|+5.88|16,279
509972|AIRASIAC72|0.175|0.180|0.185|+0.010|+5.71|6,330
509973|AIRASIAC73|0.185|0.200|0.205|+0.020|+10.81|3,790
509974|AIRASIAC74|0.280|0.000|0.000|0.000|0.00|0
509975|AIRASIAC75|0.120|0.125|0.130|+0.010|+8.33|400
509976|AIRASIAC76|0.070|0.075|0.075|+0.005|+7.14|400
509977|AIRASIAC77|0.075|0.075|0.075|0.000|0.00|33,762
509978|AIRASIAC78|0.090|0.000|0.000|0.000|0.00|0
509979|AIRASIAC79|0.055|0.060|0.055|0.000|0.00|4,494
509980|AIRASIAC80|0.045|0.050|0.050|+0.005|+11.11|39,500
5014|AIRPORT|8.120|7.980|8.030|-0.090|-1.11|34,122
5014C2|AIRPORT-C2|0.025|0.000|0.000|0.000|0.00|0
5014C3|AIRPORT-C3|0.035|0.000|0.000|0.000|0.00|0
5014C4|AIRPORT-C4|0.070|0.060|0.050|-0.020|-28.57|1,054
5014C5|AIRPORT-C5|0.080|0.070|0.075|-0.005|-6.25|5,400
5014C6|AIRPORT-C6|0.160|0.000|0.000|0.000|0.00|0
5014C7|AIRPORT-C7|0.120|0.105|0.105|-0.015|-12.50|1,000
2682|AISB|0.260|0.260|0.260|0.000|0.00|45
2658|AJI|18.600|18.600|18.620|+0.020|+0.11|65
7609|AJIYA|0.525|0.525|0.525|0.000|0.00|62
7609WA|AJIYA-WA|0.095|0.085|0.105|+0.010|+10.53|328
5115|ALAM|0.095|0.095|0.100|+0.005|+5.26|80,823
5116|ALAQAR|1.370|1.370|1.350|-0.020|-1.46|69
2674|ALCOM|0.490|0.490|0.535|+0.045|+9.18|1,670
1163|ALLIANZ|14.300|14.280|14.300|0.000|0.00|834
1163PA|ALLIANZ-PA|14.300|0.000|0.000|0.000|0.00|0
5269|ALSREIT|0.805|0.805|0.805|0.000|0.00|35
1015|AMBANK|4.500|4.440|4.500|0.000|0.00|41,529
101510|AMBANK-C10|0.190|0.000|0.000|0.000|0.00|0
101511|AMBANK-C11|0.180|0.000|0.000|0.000|0.00|0
101512|AMBANK-C12|0.150|0.000|0.000|0.000|0.00|0
101513|AMBANK-C13|0.095|0.095|0.095|0.000|0.00|822
0159|AMEDIA|0.165|0.165|0.155|-0.010|-6.06|1,883
5120|AMFIRST|0.530|0.530|0.530|0.000|0.00|100
03011|AMLEX|0.180|0.000|0.000|0.000|0.00|0
1007|AMPROP|0.525|0.525|0.525|0.000|0.00|602
1007PA|AMPROP-PA|0.250|0.250|0.250|0.000|0.00|33
1007PB|AMPROP-PB|0.580|0.000|0.000|0.000|0.00|0
7051|AMTEK|0.275|0.000|0.000|0.000|0.00|0
7031|AMTEL|0.655|0.000|0.000|0.000|0.00|0
5959|AMVERTON|1.000|1.000|1.000|0.000|0.00|400
6351|AMWAY|6.150|6.250|6.150|0.000|0.00|448
7083|ANALABS|1.200|0.000|0.000|0.000|0.00|0
4758|ANCOM|0.480|0.490|0.485|+0.005|+1.04|786
0048|ANCOMLB|0.085|0.000|0.000|0.000|0.00|0
6556|ANNJOO|1.520|1.510|1.510|-0.010|-0.66|7,730
6556PA|ANNJOO-PA|0.500|0.000|0.000|0.000|0.00|0
9342|ANZO|0.040|0.035|0.040|0.000|0.00|4,380
9342WA|ANZO-WA|0.005|0.000|0.000|0.000|0.00|0
9342WB|ANZO-WB|0.025|0.000|0.000|0.000|0.00|0
9342WC|ANZO-WC|0.005|0.000|0.000|0.000|0.00|0
5568|APB|0.780|0.790|0.790|+0.010|+1.28|30
5088|APEX|1.000|1.000|1.000|0.000|0.00|50
5194|APFT|0.015|0.015|0.015|0.000|0.00|1,150
5015|APM|3.000|3.000|3.000|0.000|0.00|13
6432|APOLLO|3.830|3.860|3.850|+0.020|+0.52|147
0119|APPASIA|0.090|0.090|0.090|0.000|0.00|1,954
0119WA|APPASIA-WA|0.040|0.035|0.040|0.000|0.00|3,972
7214|ARANK|0.530|0.525|0.520|-0.010|-1.89|472
7007|ARK|0.450|0.500|0.495|+0.045|+10.00|150
7007WB|ARK-WB|0.090|0.000|0.000|0.000|0.00|0
5210|ARMADA|0.175|0.175|0.175|0.000|0.00|1,125,234
521040|ARMADA-C40|0.005|0.000|0.000|0.000|0.00|0
521043|ARMADA-C43|0.005|0.000|0.000|0.000|0.00|0
521045|ARMADA-C45|0.005|0.000|0.000|0.000|0.00|0
521046|ARMADA-C46|0.005|0.000|0.000|0.000|0.00|0
521047|ARMADA-C47|0.005|0.000|0.000|0.000|0.00|0
521048|ARMADA-C48|0.005|0.000|0.000|0.000|0.00|0
521049|ARMADA-C49|0.010|0.000|0.000|0.000|0.00|0
521050|ARMADA-C50|0.010|0.015|0.015|+0.005|+50.00|1,000
5127|ARREIT|0.840|0.850|0.850|+0.010|+1.19|1,759
1481|ASB|0.125|0.130|0.130|+0.005|+4.00|17,423
0068|ASDION|0.240|0.235|0.245|+0.005|+2.08|37,693
0068WB|ASDION-WB|0.005|0.000|0.000|0.000|0.00|0
7722|ASIABRN|0.435|0.465|0.465|+0.030|+6.90|80
7129|ASIAFLE|2.550|2.570|2.550|0.000|0.00|228
4057|ASIAPAC|0.120|0.120|0.120|0.000|0.00|760
4057LC|ASIAPAC-LC|0.600|0.000|0.000|0.000|0.00|0
4057WB|ASIAPAC-WB|0.055|0.000|0.000|0.000|0.00|0
0105|ASIAPLY|0.080|0.080|0.075|-0.005|-6.25|2,902
0105PA|ASIAPLY-PA|0.040|0.040|0.040|0.000|0.00|8,000
0105WA|ASIAPLY-WA|0.020|0.000|0.000|0.000|0.00|0
0105WB|ASIAPLY-WB|0.030|0.000|0.000|0.000|0.00|0
7162|ASTINO|0.690|0.685|0.675|-0.015|-2.17|570
6399|ASTRO|1.640|1.640|1.650|+0.010|+0.61|19,112
639910|ASTRO-C10|0.140|0.000|0.000|0.000|0.00|0
639911|ASTRO-C11|0.125|0.000|0.000|0.000|0.00|0
639912|ASTRO-C12|0.110|0.110|0.110|0.000|0.00|300
639913|ASTRO-C13|0.100|0.000|0.000|0.000|0.00|0
639914|ASTRO-C14|0.080|0.000|0.000|0.000|0.00|0
0072|AT|0.050|0.045|0.050|0.000|0.00|2,522
0072WB|AT-WB|0.005|0.000|0.000|0.000|0.00|0
8176|ATAIMS|1.730|1.750|1.720|-0.010|-0.58|5,836
7048|ATLAN|4.400|0.000|0.000|0.000|0.00|0
5130|ATRIUM|1.110|1.130|1.130|+0.020|+1.80|90
7099|ATTA|0.600|0.600|0.610|+0.010|+1.67|240
7099LA|ATTA-LA|0.075|0.075|0.090|+0.015|+20.00|12,410
7099PA|ATTA-PA|0.125|0.000|0.000|0.000|0.00|0
7099WB|ATTA-WB|0.090|0.000|0.000|0.000|0.00|0
7099WC|ATTA-WC|0.095|0.000|0.000|0.000|0.00|0
7181|ATURMJU|0.365|0.375|0.420|+0.055|+15.07|57,061
7181PA|ATURMJU-PA|0.095|0.100|0.140|+0.045|+47.37|265,696
8885|AVI|0.235|0.000|0.000|0.000|0.00|0
7579|AWC|0.745|0.750|0.760|+0.015|+2.01|17,228
7579WA|AWC-WA|0.200|0.205|0.205|+0.005|+2.50|7,994
6888|AXIATA|4.190|4.140|4.150|-0.040|-0.95|48,240
688828|AXIATA-C28|0.020|0.000|0.000|0.000|0.00|0
688829|AXIATA-C29|0.005|0.000|0.000|0.000|0.00|0
688830|AXIATA-C30|0.040|0.040|0.040|0.000|0.00|7,487
688831|AXIATA-C31|0.040|0.000|0.000|0.000|0.00|0
688832|AXIATA-C32|0.125|0.000|0.000|0.000|0.00|0
688833|AXIATA-C33|0.185|0.185|0.180|-0.005|-2.70|4,400
688834|AXIATA-C34|0.180|0.180|0.175|-0.005|-2.78|8
688835|AXIATA-C35|0.160|0.155|0.155|-0.005|-3.13|2,000
688836|AXIATA-C36|0.190|0.195|0.190|0.000|0.00|8,000
5106|AXREIT|1.730|1.730|1.730|0.000|0.00|1,217
2305|AYER|4.200|0.000|0.000|0.000|0.00|0
5021|AYS|0.350|0.350|0.340|-0.010|-2.86|5,415
7078|AZRB|0.435|0.440|0.435|0.000|0.00|79,361
7078WA|AZRB-WA|0.200|0.205|0.205|+0.005|+2.50|3,719
0098|BAHVEST|0.555|0.570|0.635|+0.080|+14.41|235,920
0098WA|BAHVEST-WA|0.325|0.330|0.360|+0.035|+10.77|79,974
7251|BARAKAH|0.095|0.095|0.095|0.000|0.00|211,893
4162|BAT|33.920|33.500|33.320|-0.600|-1.77|4,136
4162CM|BAT-CM|0.055|0.060|0.045|-0.010|-18.18|4,062
4162CN|BAT-CN|0.180|0.135|0.130|-0.050|-27.78|1,500
5248|BAUTO|2.180|2.180|2.150|-0.030|-1.38|9,367
5248C1|BAUTO-C1|0.075|0.065|0.060|-0.015|-20.00|3,915
5248CY|BAUTO-CY|0.125|0.000|0.000|0.000|0.00|0
5248CZ|BAUTO-CZ|0.165|0.000|0.000|0.000|0.00|0
6602|BCB|0.300|0.310|0.310|+0.010|+3.33|100
0187|BCMALL|0.200|0.200|0.200|0.000|0.00|16,240
6173|BDB|0.340|0.345|0.345|+0.005|+1.47|80
5190|BENALEC|0.185|0.185|0.195|+0.010|+5.41|17,387
9814|BERTAM|0.280|0.000|0.000|0.000|0.00|0
8133|BHIC|1.290|1.270|1.310|+0.020|+1.55|468
7005|BIG|0.380|0.390|0.400|+0.020|+5.26|3,051
5258|BIMB|4.250|4.320|4.300|+0.050|+1.18|3,043
5258WA|BIMB-WA|0.255|0.275|0.275|+0.020|+7.84|17,031
0195|BINACOM|0.400|0.405|0.405|+0.005|+1.25|263
6998|BINTAI|0.135|0.140|0.135|0.000|0.00|1,490
6998WA|BINTAI-WA|0.050|0.000|0.000|0.000|0.00|0
0179|BIOHLDG|0.205|0.200|0.205|0.000|0.00|12,385
0179WA|BIOHLDG-WA|0.085|0.080|0.080|-0.005|-5.88|457
7243|BIOOSMO|0.055|0.055|0.055|0.000|0.00|6,850
5032|BIPORT|4.600|4.610|4.600|0.000|0.00|209
3239|BJASSET|0.305|0.300|0.310|+0.005|+1.64|2,600
3239WB|BJASSET-WB|0.060|0.055|0.055|-0.005|-8.33|5
3395|BJCORP|0.270|0.275|0.270|0.000|0.00|30,176
339510|BJCORP-C10|0.010|0.000|0.000|0.000|0.00|0
339511|BJCORP-C11|0.030|0.000|0.000|0.000|0.00|0
3395LD|BJCORP-LD|0.345|0.350|0.350|+0.005|+1.45|2,985
3395LE|BJCORP-LE|0.385|0.000|0.000|0.000|0.00|0
3395WB|BJCORP-WB|0.045|0.045|0.050|+0.005|+11.11|1,225
3395WC|BJCORP-WC|0.075|0.075|0.075|0.000|0.00|18,984
5196|BJFOOD|1.380|1.390|1.380|0.000|0.00|1,131
4219|BJLAND|0.270|0.270|0.270|0.000|0.00|15,327
6025|BJMEDIA|0.210|0.000|0.000|0.000|0.00|0
1562|BJTOTO|2.370|2.370|2.440|+0.070|+2.95|15,084
1562CW|BJTOTO-CW|0.075|0.085|0.085|+0.010|+13.33|800
1562CX|BJTOTO-CX|0.070|0.000|0.000|0.000|0.00|0
1899|BKAWAN|17.180|17.380|17.060|-0.120|-0.70|7
5069|BLDPLNT|6.960|0.000|0.000|0.000|0.00|0
0508C5|BOC-C5|0.100|0.000|0.000|0.000|0.00|0
0168|BOILERM|0.550|0.000|0.000|0.000|0.00|0
9288|BONIA|0.250|0.250|0.255|+0.005|+2.00|730
7036|BORNOIL|0.045|0.040|0.040|-0.005|-11.11|18,323
7036WC|BORNOIL-WC|0.020|0.015|0.020|0.000|0.00|2,010
7036WD|BORNOIL-WD|0.020|0.015|0.020|0.000|0.00|150
6297|BOXPAK|1.250|1.150|1.130|-0.120|-9.60|100
6297WA|BOXPAK-WA|0.175|0.000|0.000|0.000|0.00|0
5254|BPLANT|0.770|0.770|0.820|+0.050|+6.49|12,631
5100|BPPLAS|1.090|1.090|1.090|0.000|0.00|1,311
5932|BPURI|0.180|0.180|0.190|+0.010|+5.56|96,001
9474|BRAHIMS|0.115|0.110|0.105|-0.010|-8.70|31,549
8761|BREM|0.750|0.750|0.750|0.000|0.00|1,048
9938|BRIGHT|0.180|0.180|0.180|0.000|0.00|625
7221|BSLCORP|0.345|0.000|0.000|0.000|0.00|0
2771|BSTEAD|1.360|1.360|1.350|-0.010|-0.74|3,304
0011|BTECH|0.290|0.285|0.290|0.000|0.00|16,239
7188|BTM|0.110|0.100|0.110|0.000|0.00|1,036
7188WA|BTM-WA|0.020|0.000|0.000|0.000|0.00|0
7188WB|BTM-WB|0.040|0.000|0.000|0.000|0.00|0
1818|BURSA|7.090|7.110|7.020|-0.070|-0.99|8,682
181820|BURSA-C20|0.020|0.000|0.000|0.000|0.00|0
181821|BURSA-C21|0.110|0.000|0.000|0.000|0.00|0
181822|BURSA-C22|0.090|0.080|0.080|-0.010|-11.11|1,100
181823|BURSA-C23|0.060|0.060|0.055|-0.005|-8.33|2,976
7174|CAB|0.640|0.640|0.635|-0.005|-0.78|9,817
7174WA|CAB-WA|0.450|0.420|0.445|-0.005|-1.11|1,925
0191|CABNET|0.255|0.255|0.285|+0.030|+11.76|7,405
0191WA|CABNET-WA|0.050|0.055|0.060|+0.010|+20.00|1,665
7154|CAELY|0.985|0.980|0.980|-0.005|-0.51|300
7154WA|CAELY-WA|0.590|0.550|0.585|-0.005|-0.85|130
7128|CAMRES|0.235|0.000|0.000|0.000|0.00|0
5105|CANONE|2.680|2.670|2.640|-0.040|-1.49|2,510
5229|CAP|0.010|0.000|0.000|0.000|0.00|0
0163|CAREPLS|0.180|0.185|0.180|0.000|0.00|4,184
5257|CARIMIN|0.815|0.825|0.875|+0.060|+7.36|592,823
5245|CARING|1.970|1.810|1.960|-0.010|-0.51|419
2836|CARLSBG|25.480|25.480|25.000|-0.480|-1.88|3,745
7076|CBIP|1.020|1.030|1.020|0.000|0.00|1,921
7076WA|CBIP-WA|0.020|0.015|0.015|-0.005|-25.00|3,958
2925|CCB|1.580|1.530|1.590|+0.010|+0.63|322
7035|CCK|0.635|0.635|0.650|+0.015|+2.36|54,809
7035WA|CCK-WA|0.120|0.120|0.140|+0.020|+16.67|42,635
2879|CCM|1.960|1.980|1.970|+0.010|+0.51|457
5195|CENSOF|0.145|0.145|0.145|0.000|0.00|350
5195WB|CENSOF-WB|0.005|0.005|0.010|+0.005|+100.00|6,616
8982|CEPAT|0.590|0.595|0.600|+0.010|+1.69|265
8435|CEPCO|0.630|0.000|0.000|0.000|0.00|0
8044|CFM|1.250|0.000|0.000|0.000|0.00|0
0579C1|CGARDEN-C1|0.100|0.000|0.000|0.000|0.00|0
7209|CHEETAH|0.350|0.290|0.290|-0.060|-17.14|10
7187|CHGP|0.365|0.365|0.370|+0.005|+1.37|2,751
7187WA|CHGP-WA|0.210|0.000|0.000|0.000|0.00|0
5738|CHHB|1.490|1.500|1.500|+0.010|+0.67|1,550
5738WB|CHHB-WB|0.400|0.380|0.380|-0.020|-5.00|305
0829EA|CHINAETF-MYR|5.680|5.730|5.730|+0.050|+0.88|22
0829EB|CHINAETF-USD|1.275|0.000|0.000|0.000|0.00|0
5273|CHINHIN|0.805|0.800|0.800|-0.005|-0.62|2,969
1929|CHINTEK|7.000|0.000|0.000|0.000|0.00|0
5007|CHINWEL|1.800|1.790|1.790|-0.010|-0.56|1,333
0501CG|CHMOBIL-CG|0.180|0.000|0.000|0.000|0.00|0
5797|CHOOBEE|1.630|1.630|1.610|-0.020|-1.23|450
7016|CHUAN|0.375|0.375|0.370|-0.005|-1.33|968
8052|CICB|0.520|0.000|0.000|0.000|0.00|0
2828|CIHLDG|1.450|1.450|1.450|0.000|0.00|24
1023|CIMB|5.680|5.620|5.640|-0.040|-0.70|90,081
102340|CIMB-C40|0.025|0.000|0.000|0.000|0.00|0
102341|CIMB-C41|0.075|0.000|0.000|0.000|0.00|0
102342|CIMB-C42|0.050|0.000|0.000|0.000|0.00|0
102343|CIMB-C43|0.040|0.025|0.025|-0.015|-37.50|50
102344|CIMB-C44|0.075|0.000|0.000|0.000|0.00|0
102345|CIMB-C45|0.095|0.095|0.095|0.000|0.00|5,450
102346|CIMB-C46|0.110|0.000|0.000|0.000|0.00|0
102347|CIMB-C47|0.150|0.100|0.100|-0.050|-33.33|810
0822EA|CIMBA40|1.875|1.875|1.875|0.000|0.00|24
0823EA|CIMBC50|1.600|1.635|1.635|+0.035|+2.19|122
7117|CJCEN|0.430|0.430|0.430|0.000|0.00|6,750
0514C3|CKHUTCH-C3|0.075|0.000|0.000|0.000|0.00|0
03001|CLOUD|0.300|0.000|0.000|0.000|0.00|0
7018|CME|0.035|0.035|0.035|0.000|0.00|80
7018LA|CME-LA|0.020|0.000|0.000|0.000|0.00|0
7018WA|CME-WA|0.025|0.000|0.000|0.000|0.00|0
5180|CMMT|1.110|1.110|1.100|-0.010|-0.90|916
2852|CMSB|3.150|3.180|3.150|0.000|0.00|35,300
285214|CMSB-C14|0.085|0.000|0.000|0.000|0.00|0
285215|CMSB-C15|0.110|0.000|0.000|0.000|0.00|0
7986|CNASIA|0.445|0.430|0.445|0.000|0.00|360
5104|CNI|0.070|0.070|0.070|0.000|0.00|14,044
5188|CNOUHUA|0.050|0.045|0.045|-0.005|-10.00|300
5071|COASTAL|1.040|1.030|1.100|+0.060|+5.77|2,867
7205|COCOLND|2.100|2.100|2.100|0.000|0.00|165
7195|COMCORP|0.135|0.125|0.130|-0.005|-3.70|1,270
2127|COMFORT|0.860|0.860|0.860|0.000|0.00|3,167
5136|COMPLET|0.900|0.900|0.920|+0.020|+2.22|1,440
5037|COMPUGT|0.025|0.025|0.025|0.000|0.00|78,364
0102|CONNECT|0.115|0.000|0.000|0.000|0.00|0
0102PA|CONNECT-PA|0.035|0.000|0.000|0.000|0.00|0
0102WA|CONNECT-WA|0.020|0.025|0.025|+0.005|+25.00|100
0102WB|CONNECT-WB|0.025|0.000|0.000|0.000|0.00|0
8591|CRESBLD|0.990|1.000|0.990|0.000|0.00|2,111
6718|CRESNDO|1.260|0.000|0.000|0.000|0.00|0
03016|CRG|0.045|0.045|0.045|0.000|0.00|170
7202|CSCENIC|1.130|1.130|1.130|0.000|0.00|191
5094|CSCSTEL|1.090|1.080|1.070|-0.020|-1.83|2,064
5214|CSL|0.010|0.000|0.000|0.000|0.00|0
0051|CUSCAPI|0.195|0.195|0.185|-0.010|-5.13|80,011
5049|CVIEW|1.490|0.000|0.000|0.000|0.00|0
9423|CWG|0.425|0.420|0.420|-0.005|-1.18|600
7157|CYL|0.495|0.470|0.460|-0.035|-7.07|100
5082|CYMAO|0.380|0.000|0.000|0.000|0.00|0
5184|CYPARK|1.740|1.740|1.720|-0.020|-1.15|3,299
7204|D&O|0.740|0.740|0.740|0.000|0.00|33,790
8125|DAIBOCI|1.580|1.570|1.570|-0.010|-0.63|4,860
8125WB|DAIBOCI-WB|0.160|0.140|0.160|0.000|0.00|1,612
5355|DAIMAN|2.990|0.000|0.000|0.000|0.00|0
5276|DANCO|0.565|0.565|0.550|-0.015|-2.65|35,007
5276WA|DANCO-WA|0.280|0.285|0.275|-0.005|-1.79|12,605
8338|DATAPRP|0.210|0.210|0.215|+0.005|+2.38|18,486
0091|DAYA|0.005|0.005|0.005|0.000|0.00|1,751,167
5141|DAYANG|1.180|1.230|1.360|+0.180|+15.25|985,665
7179|DBE|0.025|0.025|0.030|+0.005|+20.00|1,900
7179WB|DBE-WB|0.010|0.005|0.010|0.000|0.00|260
3484|DBHD|0.410|0.415|0.430|+0.020|+4.88|36,121
3484WA|DBHD-WA|0.080|0.080|0.085|+0.005|+6.25|13,943
7119|DEGEM|1.050|0.000|0.000|0.000|0.00|0
5132|DELEUM|1.120|1.120|1.160|+0.040|+3.57|19,101
7212|DESTINI|0.220|0.220|0.225|+0.005|+2.27|20,733
0152|DGB|0.130|0.125|0.125|-0.005|-3.85|364
0152WB|DGB-WB|0.035|0.030|0.030|-0.005|-14.29|36
0131|DGSB|0.085|0.085|0.085|0.000|0.00|33,312
7277|DIALOG|3.180|3.150|3.200|+0.020|+0.63|74,106
727733|DIALOG-C33|0.025|0.000|0.000|0.000|0.00|0
727735|DIALOG-C35|0.005|0.000|0.000|0.000|0.00|0
727736|DIALOG-C36|0.055|0.000|0.000|0.000|0.00|0
727737|DIALOG-C37|0.045|0.000|0.000|0.000|0.00|0
727738|DIALOG-C38|0.040|0.000|0.000|0.000|0.00|0
727739|DIALOG-C39|0.055|0.050|0.055|0.000|0.00|3,000
727740|DIALOG-C40|0.115|0.115|0.120|+0.005|+4.35|3,400
727741|DIALOG-C41|0.105|0.105|0.105|0.000|0.00|12,450
727742|DIALOG-C42|0.140|0.000|0.000|0.000|0.00|0
727743|DIALOG-C43|0.150|0.000|0.000|0.000|0.00|0
6947|DIGI|4.560|4.520|4.580|+0.020|+0.44|20,707
694724|DIGI-C24|0.040|0.045|0.055|+0.015|+37.50|30
694725|DIGI-C25|0.105|0.000|0.000|0.000|0.00|0
694726|DIGI-C26|0.115|0.000|0.000|0.000|0.00|0
694727|DIGI-C27|0.115|0.000|0.000|0.000|0.00|0
694728|DIGI-C28|0.070|0.000|0.000|0.000|0.00|0
0029|DIGISTA|0.050|0.045|0.050|0.000|0.00|2,495
0029WB|DIGISTA-WB|0.020|0.000|0.000|0.000|0.00|0
0400GA|DIN040000223|98.400|0.000|0.000|0.000|0.00|0
0400GC|DIN042300721|98.860|0.000|0.000|0.000|0.00|0
0400GB|DIN045801028|98.800|0.000|0.000|0.000|0.00|0
7528|DKLS|1.790|0.000|0.000|0.000|0.00|0
5908|DKSH|2.460|2.450|2.500|+0.040|+1.63|1,920
3026|DLADY|63.460|63.500|63.460|0.000|0.00|9
4456|DNEX|0.280|0.280|0.275|-0.005|-1.79|165,963
4456WD|DNEX-WD|0.075|0.070|0.070|-0.005|-6.67|72,442
7114|DNONCE|0.450|0.450|0.440|-0.010|-2.22|492
7114WA|DNONCE-WA|0.190|0.185|0.185|-0.005|-2.63|1,260
5835|DOLMITE|0.110|0.000|0.000|0.000|0.00|0
5265|DOLPHIN|0.135|0.140|0.145|+0.010|+7.41|40,080
5265WA|DOLPHIN-WA|0.030|0.035|0.040|+0.010|+33.33|3,694
7169|DOMINAN|1.250|1.250|1.270|+0.020|+1.60|1,852
7169WA|DOMINAN-WA|0.090|0.000|0.000|0.000|0.00|0
7148|DPHARMA|1.130|1.130|1.150|+0.020|+1.77|3,993
0205|DPIH|0.220|0.220|0.220|0.000|0.00|6,492
7198|DPS|0.060|0.065|0.065|+0.005|+8.33|6,937
7198WB|DPS-WB|0.030|0.000|0.000|0.000|0.00|0
1619|DRBHCOM|1.870|1.870|1.870|0.000|0.00|6,519
161960|DRBHCOMC60|0.030|0.025|0.025|-0.005|-16.67|2,432
161962|DRBHCOMC62|0.005|0.000|0.000|0.000|0.00|0
161963|DRBHCOMC63|0.055|0.000|0.000|0.000|0.00|0
161964|DRBHCOMC64|0.005|0.000|0.000|0.000|0.00|0
161966|DRBHCOMC66|0.005|0.000|0.000|0.000|0.00|0
161967|DRBHCOMC67|0.020|0.000|0.000|0.000|0.00|0
161968|DRBHCOMC68|0.095|0.090|0.095|0.000|0.00|21,971
161969|DRBHCOMC69|0.135|0.000|0.000|0.000|0.00|0
161970|DRBHCOMC70|0.145|0.150|0.145|0.000|0.00|3,740
161971|DRBHCOMC71|0.130|0.000|0.000|0.000|0.00|0
161972|DRBHCOMC72|0.125|0.125|0.120|-0.005|-4.00|1,000
161973|DRBHCOMC73|0.100|0.000|0.000|0.000|0.00|0
5216|DSONIC|0.450|0.450|0.475|+0.025|+5.56|185,921
5216WA|DSONIC-WA|0.080|0.080|0.085|+0.005|+6.25|39,423
7233|DUFU|1.680|1.690|1.670|-0.010|-0.60|16,066
3948|DUTALND|0.490|0.495|0.500|+0.010|+2.04|3,821
5178|DYNACIA|0.100|0.095|0.095|-0.005|-5.00|76,121
5178PA|DYNACIA-PA|0.045|0.045|0.045|0.000|0.00|35,880
5178WA|DYNACIA-WA|0.040|0.040|0.040|0.000|0.00|6,541
3417|E&O|0.860|0.860|0.855|-0.005|-0.58|44,768
3417WB|E&O-WB|0.005|0.000|0.000|0.000|0.00|0
0154|EAH|0.015|0.020|0.015|0.000|0.00|20,420
0154WC|EAH-WC|0.005|0.000|0.000|0.000|0.00|0
0154WD|EAH-WD|0.005|0.005|0.005|0.000|0.00|10,061
0154WE|EAH-WE|0.010|0.005|0.010|0.000|0.00|14,613
2097|EASTLND|0.105|0.100|0.100|-0.005|-4.76|4,000
5259|EATECH|0.430|0.430|0.445|+0.015|+3.49|74,468
2143|ECM|0.295|0.000|0.000|0.000|0.00|0
3557|ECOFIRS|0.300|0.295|0.295|-0.005|-1.67|14,318
3557WC|ECOFIRS-WC|0.025|0.000|0.000|0.000|0.00|0
0059|ECOHLDS|0.280|0.275|0.265|-0.015|-5.36|655
5253|ECONBHD|0.440|0.440|0.440|0.000|0.00|132,954
5253WA|ECONBHD-WA|0.115|0.110|0.115|0.000|0.00|12,032
8206|ECOWLD|0.970|0.950|0.965|-0.005|-0.52|1,043
8206CQ|ECOWLD-CQ|0.005|0.000|0.000|0.000|0.00|0
8206CS|ECOWLD-CS|0.035|0.000|0.000|0.000|0.00|0
8206CT|ECOWLD-CT|0.150|0.000|0.000|0.000|0.00|0
8206WA|ECOWLD-WA|0.185|0.185|0.185|0.000|0.00|80
5036|EDARAN|0.535|0.535|0.525|-0.010|-1.87|8,810
7471|EDEN|0.115|0.110|0.110|-0.005|-4.35|1,950
7471WB|EDEN-WB|0.045|0.045|0.040|-0.005|-11.11|5,757
1368|EDGENTA|2.880|2.820|2.870|-0.010|-0.35|314
0107|EDUSPEC|0.025|0.025|0.025|0.000|0.00|97,268
0064|EFFICEN|0.175|0.170|0.195|+0.020|+11.43|51
0065|EFORCE|0.475|0.480|0.475|0.000|0.00|30,100
0065WA|EFORCE-WA|0.140|0.135|0.130|-0.010|-7.14|7,511
8907|EG|0.455|0.450|0.455|0.000|0.00|1,675
8907PA|EG-PA|0.455|0.000|0.000|0.000|0.00|0
8907WC|EG-WC|0.140|0.135|0.135|-0.005|-3.57|1,000
5081|EIG|0.660|0.655|0.655|-0.005|-0.76|1
5208|EITA|1.360|1.360|1.360|0.000|0.00|71
7182|EKA|0.065|0.060|0.060|-0.005|-7.69|100
8877|EKOVEST|0.555|0.555|0.580|+0.025|+4.50|344,328
8877CQ|EKOVEST-CQ|0.010|0.000|0.000|0.000|0.00|0
8877CR|EKOVEST-CR|0.005|0.000|0.000|0.000|0.00|0
8877CS|EKOVEST-CS|0.035|0.000|0.000|0.000|0.00|0
8877CT|EKOVEST-CT|0.050|0.055|0.060|+0.010|+20.00|21,985
8877WB|EKOVEST-WB|0.090|0.090|0.100|+0.010|+11.11|91,848
9016|EKSONS|0.830|0.840|0.840|+0.010|+1.20|50
5228|ELKDESA|1.360|1.340|1.380|+0.020|+1.47|2,465
5228LA|ELKDESA-LA|1.080|1.080|1.080|0.000|0.00|65
0090|ELSOFT|1.050|1.050|1.040|-0.010|-0.95|3,436
7217|EMETALL|0.380|0.380|0.390|+0.010|+2.63|880
9091|EMICO|0.175|0.000|0.000|0.000|0.00|0
6076|ENCORP|0.360|0.350|0.415|+0.055|+15.28|715
7149|ENGKAH|1.050|1.040|1.040|-0.010|-0.95|12
5056|ENGTEX|0.795|0.795|0.800|+0.005|+0.63|2,488
8613|ENRA|1.530|0.000|0.000|0.000|0.00|0
7773|EPMB|0.400|0.000|0.000|0.000|0.00|0
0190|ESAFE|0.210|0.000|0.000|0.000|0.00|0
0100|ESCERAM|0.150|0.150|0.155|+0.005|+3.33|161
6815|EUPE|0.605|0.595|0.610|+0.005|+0.83|261
7208|EURO|0.140|0.130|0.135|-0.005|-3.57|6,600
7094|EUROSP|0.440|0.000|0.000|0.000|0.00|0
5101|EVERGRN|0.365|0.360|0.360|-0.005|-1.37|10,436
7249|EWEIN|0.630|0.630|0.640|+0.010|+1.59|13,848
5283|EWINT|0.755|0.755|0.760|+0.005|+0.66|215
5283WA|EWINT-WA|0.140|0.145|0.145|+0.005|+3.57|5,630
3689|F&N|35.400|34.700|35.140|-0.260|-0.73|1,649
2984|FACBIND|1.290|1.240|1.280|-0.010|-0.78|62
7047|FAJAR|0.385|0.380|0.380|-0.005|-1.30|8,402
7047WB|FAJAR-WB|0.040|0.035|0.040|0.000|0.00|3,521
5029|FAREAST|2.770|0.000|0.000|0.000|0.00|0
6041|FARLIM|0.365|0.365|0.370|+0.005|+1.37|553
7229|FAVCO|2.800|2.810|2.800|0.000|0.00|7,010
06505D|FBMKLCI-C5D|0.085|0.000|0.000|0.000|0.00|0
06505I|FBMKLCI-C5I|0.005|0.000|0.000|0.000|0.00|0
06505J|FBMKLCI-C5J|0.040|0.000|0.000|0.000|0.00|0
06505K|FBMKLCI-C5K|0.015|0.000|0.000|0.000|0.00|0
06505L|FBMKLCI-C5L|0.070|0.000|0.000|0.000|0.00|0
06505M|FBMKLCI-C5M|0.155|0.135|0.135|-0.020|-12.90|1,000
06505N|FBMKLCI-C5N|0.065|0.060|0.060|-0.005|-7.69|275
06505O|FBMKLCI-C5O|0.055|0.050|0.050|-0.005|-9.09|4,300
06505P|FBMKLCI-C5P|0.235|0.215|0.215|-0.020|-8.51|350
06505Q|FBMKLCI-C5Q|0.330|0.325|0.315|-0.015|-4.55|1,500
06505R|FBMKLCI-C5R|0.070|0.060|0.060|-0.010|-14.29|2,500
06505S|FBMKLCI-C5S|0.190|0.175|0.175|-0.015|-7.89|465
06505T|FBMKLCI-C5T|0.285|0.000|0.000|0.000|0.00|0
06505U|FBMKLCI-C5U|0.150|0.000|0.000|0.000|0.00|0
06505V|FBMKLCI-C5V|0.070|0.065|0.065|-0.005|-7.14|3,200
0820EA|FBMKLCI-EA|1.810|1.780|1.780|-0.030|-1.66|64
06506F|FBMKLCI-H6F|0.025|0.000|0.000|0.000|0.00|0
06506K|FBMKLCI-H6K|0.175|0.190|0.190|+0.015|+8.57|316
06506L|FBMKLCI-H6L|0.120|0.120|0.120|0.000|0.00|550
06506M|FBMKLCI-H6M|0.160|0.170|0.175|+0.015|+9.38|1,270
06506N|FBMKLCI-H6N|0.195|0.200|0.210|+0.015|+7.69|100
06506O|FBMKLCI-H6O|0.290|0.000|0.000|0.000|0.00|0
06506P|FBMKLCI-H6P|0.055|0.050|0.050|-0.005|-9.09|30,435
06506Q|FBMKLCI-H6Q|0.075|0.080|0.080|+0.005|+6.67|11,499
06506R|FBMKLCI-H6R|0.240|0.000|0.000|0.000|0.00|0
06506S|FBMKLCI-H6S|0.345|0.345|0.355|+0.010|+2.90|3,500
06506T|FBMKLCI-H6T|0.085|0.085|0.090|+0.005|+5.88|3,799
06506U|FBMKLCI-H6U|0.255|0.000|0.000|0.000|0.00|0
06506V|FBMKLCI-H6V|0.255|0.000|0.000|0.000|0.00|0
06506W|FBMKLCI-H6W|0.140|0.000|0.000|0.000|0.00|0
06506X|FBMKLCI-H6X|0.105|0.000|0.000|0.000|0.00|0
2755|FCW|0.880|0.880|0.900|+0.020|+2.27|410
5222|FGV|1.190|1.190|1.180|-0.010|-0.84|169,381
522255|FGV-C55|0.015|0.010|0.015|0.000|0.00|5,081
522256|FGV-C56|0.005|0.000|0.000|0.000|0.00|0
522257|FGV-C57|0.005|0.000|0.000|0.000|0.00|0
522258|FGV-C58|0.010|0.010|0.010|0.000|0.00|7,237
522259|FGV-C59|0.035|0.000|0.000|0.000|0.00|0
522260|FGV-C60|0.005|0.010|0.010|+0.005|+100.00|5,000
522261|FGV-C61|0.030|0.040|0.030|0.000|0.00|12,046
522262|FGV-C62|0.095|0.090|0.095|0.000|0.00|14,021
522263|FGV-C63|0.180|0.180|0.185|+0.005|+2.78|125,050
522264|FGV-C64|0.230|0.235|0.240|+0.010|+4.35|701
522265|FGV-C65|0.195|0.195|0.190|-0.005|-2.56|16,250
522266|FGV-C66|0.310|0.000|0.000|0.000|0.00|0
522267|FGV-C67|0.435|0.430|0.425|-0.010|-2.30|2,019
522268|FGV-C68|0.200|0.000|0.000|0.000|0.00|0
522269|FGV-C69|0.120|0.000|0.000|0.000|0.00|0
522270|FGV-C70|0.110|0.120|0.120|+0.010|+9.09|2,452
522271|FGV-C71|0.050|0.055|0.055|+0.005|+10.00|1,300
6939|FIAMMA|0.515|0.515|0.530|+0.015|+2.91|522
0149|FIBON|0.450|0.440|0.440|-0.010|-2.22|80
8605|FIHB|0.400|0.400|0.425|+0.025|+6.25|14,022
8605PA|FIHB-PA|0.085|0.000|0.000|0.000|0.00|0
8605PB|FIHB-PB|0.080|0.000|0.000|0.000|0.00|0
3107|FIMACOR|1.920|0.000|0.000|0.000|0.00|0
0150|FINTEC|0.050|0.050|0.055|+0.005|+10.00|35,984
0150PA|FINTEC-PA|0.025|0.025|0.030|+0.005|+20.00|3,962
0150WA|FINTEC-WA|0.010|0.010|0.010|0.000|0.00|1,850
0150WB|FINTEC-WB|0.020|0.020|0.020|0.000|0.00|3,827
9318|FITTERS|0.500|0.505|0.500|0.000|0.00|26,455
9318WB|FITTERS-WB|0.025|0.025|0.025|0.000|0.00|4,371
5197|FLBHD|1.730|1.730|1.690|-0.040|-2.31|12,900
0116|FOCUS|0.140|0.140|0.140|0.000|0.00|48,445
0116WC|FOCUS-WC|0.095|0.000|0.000|0.000|0.00|0
0157|FOCUSP|0.295|0.315|0.345|+0.050|+16.95|6,989
5277|FPGROUP|0.300|0.300|0.305|+0.005|+1.67|30,881
9172|FPI|1.800|1.790|1.810|+0.010|+0.56|4,057
7210|FREIGHT|0.560|0.555|0.560|0.000|0.00|310
0128|FRONTKN|0.930|0.930|0.930|0.000|0.00|92,050
9377|FSBM|0.095|0.000|0.000|0.000|0.00|0
9377WA|FSBM-WA|0.025|0.000|0.000|0.000|0.00|0
7184|G3|0.790|0.000|0.000|0.000|0.00|0
7184WA|G3-WA|0.770|0.000|0.000|0.000|0.00|0
9261|GADANG|0.585|0.580|0.585|0.000|0.00|36,446
9261WB|GADANG-WB|0.135|0.130|0.135|0.000|0.00|5,810
5398|GAMUDA|2.920|2.870|2.930|+0.010|+0.34|50,819
539851|GAMUDA-C51|0.015|0.000|0.000|0.000|0.00|0
539853|GAMUDA-C53|0.005|0.000|0.000|0.000|0.00|0
539856|GAMUDA-C56|0.030|0.000|0.000|0.000|0.00|0
539857|GAMUDA-C57|0.050|0.000|0.000|0.000|0.00|0
539858|GAMUDA-C58|0.080|0.075|0.075|-0.005|-6.25|1,000
539859|GAMUDA-C59|0.185|0.175|0.180|-0.005|-2.70|1,210
539860|GAMUDA-C60|0.115|0.110|0.110|-0.005|-4.35|7,500
539861|GAMUDA-C61|0.090|0.085|0.085|-0.005|-5.56|13,000
539862|GAMUDA-C62|0.105|0.100|0.105|0.000|0.00|2,436
539863|GAMUDA-C63|0.115|0.110|0.110|-0.005|-4.35|16,279
5398WE|GAMUDA-WE|0.230|0.225|0.225|-0.005|-2.17|16,057
5209|GASMSIA|2.820|2.880|2.820|0.000|0.00|380
5226|GBGAQRS|1.120|1.120|1.170|+0.050|+4.46|17,017
5226WB|GBGAQRS-WB|0.265|0.265|0.280|+0.015|+5.66|63,652
5102|GCB|3.780|3.780|3.750|-0.030|-0.79|2,440
5102CA|GCB-CA|0.315|0.315|0.310|-0.005|-1.59|300
5102CB|GCB-CB|0.150|0.200|0.200|+0.050|+33.33|300
5592|GCE|0.430|0.440|0.440|+0.010|+2.33|10
0198|GDB|0.270|0.270|0.265|-0.005|-1.85|7,124
0078|GDEX|0.365|0.365|0.355|-0.010|-2.74|107,282
0078WB|GDEX-WB|0.065|0.070|0.060|-0.005|-7.69|40,279
0580C1|GEELY-C1|0.075|0.000|0.000|0.000|0.00|0
0104|GENETEC|1.880|1.890|1.890|+0.010|+0.53|1,252
4715|GENM|3.440|3.440|3.400|-0.040|-1.16|64,868
471538|GENM-C38|0.005|0.000|0.000|0.000|0.00|0
471540|GENM-C40|0.150|0.000|0.000|0.000|0.00|0
471541|GENM-C41|0.005|0.005|0.005|0.000|0.00|15,000
471542|GENM-C42|0.045|0.040|0.040|-0.005|-11.11|1,400
471543|GENM-C43|0.055|0.050|0.050|-0.005|-9.09|933
471544|GENM-C44|0.075|0.000|0.000|0.000|0.00|0
471545|GENM-C45|0.160|0.155|0.155|-0.005|-3.13|1,400
471546|GENM-C46|0.140|0.135|0.135|-0.005|-3.57|18,710
471547|GENM-C47|0.140|0.000|0.000|0.000|0.00|0
471548|GENM-C48|0.130|0.125|0.125|-0.005|-3.85|2,000
471549|GENM-C49|0.200|0.195|0.195|-0.005|-2.50|3,300
471550|GENM-C50|0.180|0.175|0.175|-0.005|-2.78|100
471551|GENM-C51|0.140|0.000|0.000|0.000|0.00|0
471552|GENM-C52|0.210|0.205|0.205|-0.005|-2.38|1,000
471553|GENM-C53|0.150|0.000|0.000|0.000|0.00|0
2291|GENP|10.500|10.300|10.400|-0.100|-0.95|1,627
2291WA|GENP-WA|2.520|2.600|2.550|+0.030|+1.19|42
3182|GENTING|7.240|7.200|7.130|-0.110|-1.52|48,130
318251|GENTINGC51|0.005|0.000|0.000|0.000|0.00|0
318255|GENTINGC55|0.050|0.000|0.000|0.000|0.00|0
318256|GENTINGC56|0.030|0.000|0.000|0.000|0.00|0
318257|GENTINGC57|0.130|0.120|0.115|-0.015|-11.54|43,300
318258|GENTINGC58|0.085|0.080|0.075|-0.010|-11.76|1,667
318259|GENTINGC59|0.130|0.120|0.120|-0.010|-7.69|24,000
318260|GENTINGC60|0.160|0.000|0.000|0.000|0.00|0
318261|GENTINGC61|0.150|0.140|0.135|-0.015|-10.00|3,754
318262|GENTINGC62|0.195|0.185|0.180|-0.015|-7.69|5,838
318263|GENTINGC63|0.170|0.165|0.160|-0.010|-5.88|32,000
318264|GENTINGC64|0.150|0.000|0.000|0.000|0.00|0
7197|GESHEN|0.630|0.650|0.625|-0.005|-0.79|513
5079|GETS|0.125|0.140|0.120|-0.005|-4.00|504
0039|GFM|0.505|0.505|0.500|-0.005|-0.99|22,627
0039WC|GFM-WC|0.210|0.210|0.205|-0.005|-2.38|43,750
0021|GHLSYS|1.720|1.650|1.660|-0.060|-3.49|865
0021CA|GHLSYS-CA|0.120|0.110|0.110|-0.010|-8.33|2,272
3204|GKENT|1.080|1.090|1.090|+0.010|+0.93|28,231
7382|GLBHD|0.390|0.375|0.370|-0.020|-5.13|110
5020|GLOMAC|0.380|0.375|0.385|+0.005|+1.32|3,039
5220|GLOTEC|0.470|0.460|0.475|+0.005|+1.06|11,034
5220WA|GLOTEC-WA|0.075|0.075|0.075|0.000|0.00|1
9962|GMUTUAL|0.270|0.275|0.275|+0.005|+1.85|20
0045|GNB|0.050|0.050|0.050|0.000|0.00|1,100
1147|GOB|0.180|0.180|0.175|-0.005|-2.78|4,071
1147WA|GOB-WA|0.010|0.005|0.010|0.000|0.00|85
0074|GOCEAN|0.100|0.100|0.095|-0.005|-5.00|1,100
0074WA|GOCEAN-WA|0.005|0.005|0.005|0.000|0.00|1,500
0828EA|GOLDETF|1.760|1.740|1.740|-0.020|-1.14|500
7192|GOODWAY|0.200|0.200|0.210|+0.010|+5.00|3,020
2135|GOPENG|0.690|0.690|0.690|0.000|0.00|30
7096|GPA|0.085|0.085|0.085|0.000|0.00|200
7096WA|GPA-WA|0.020|0.000|0.000|0.000|0.00|0
0082|GPACKET|0.335|0.325|0.330|-0.005|-1.49|16,015
0082WB|GPACKET-WB|0.090|0.090|0.085|-0.005|-5.56|1,544
5649|GPHAROS|0.220|0.000|0.000|0.000|0.00|0
0056|GRANFLO|0.205|0.200|0.215|+0.010|+4.88|2,001
0136|GREENYB|0.130|0.125|0.130|0.000|0.00|112
7077|GSB|0.165|0.175|0.200|+0.035|+21.21|154,729
7022|GTRONIC|1.890|1.880|1.900|+0.010|+0.53|3,392
7022CR|GTRONIC-CR|0.020|0.005|0.005|-0.015|-75.00|50
7022CS|GTRONIC-CS|0.005|0.000|0.000|0.000|0.00|0
7022CT|GTRONIC-CT|0.005|0.000|0.000|0.000|0.00|0
7022CU|GTRONIC-CU|0.030|0.000|0.000|0.000|0.00|0
7022CV|GTRONIC-CV|0.100|0.000|0.000|0.000|0.00|0
7022CW|GTRONIC-CW|0.060|0.060|0.060|0.000|0.00|200
3247|GUH|0.490|0.000|0.000|0.000|0.00|0
7676|GUNUNG|0.325|0.305|0.305|-0.020|-6.15|16
7676WB|GUNUNG-WB|0.055|0.055|0.055|0.000|0.00|400
1503|GUOCO|0.790|0.000|0.000|0.000|0.00|0
7668|HAIO|2.820|2.820|2.780|-0.040|-1.42|1,287
7668CG|HAIO-CG|0.075|0.000|0.000|0.000|0.00|0
5151|HALEX|0.850|0.000|0.000|0.000|0.00|0
7253|HANDAL|0.350|0.000|0.000|0.000|0.00|0
3034|HAPSENG|9.810|9.760|9.820|+0.010|+0.10|3,504
3034CX|HAPSENG-CX|0.040|0.000|0.000|0.000|0.00|0
2062|HARBOUR|0.700|0.680|0.680|-0.020|-2.86|1
2062WC|HARBOUR-WC|0.100|0.000|0.000|0.000|0.00|0
5008|HARISON|3.850|3.870|3.900|+0.050|+1.30|80
7501|HARNLEN|0.460|0.490|0.500|+0.040|+8.70|976
5168|HARTA|5.140|5.070|5.100|-0.040|-0.78|14,837
516811|HARTA-C11|0.005|0.000|0.000|0.000|0.00|0
516815|HARTA-C15|0.020|0.000|0.000|0.000|0.00|0
516816|HARTA-C16|0.005|0.000|0.000|0.000|0.00|0
516817|HARTA-C17|0.025|0.000|0.000|0.000|0.00|0
516818|HARTA-C18|0.010|0.000|0.000|0.000|0.00|0
516819|HARTA-C19|0.060|0.000|0.000|0.000|0.00|0
516820|HARTA-C20|0.090|0.000|0.000|0.000|0.00|0
516821|HARTA-C21|0.100|0.100|0.100|0.000|0.00|4,000
516822|HARTA-C22|0.095|0.095|0.090|-0.005|-5.26|4
5187|HBGLOB|0.105|0.105|0.110|+0.005|+4.76|15,677
7105|HCK|1.240|1.240|1.250|+0.010|+0.81|590
7105WA|HCK-WA|0.295|0.000|0.000|0.000|0.00|0
3255|HEIM|22.780|22.780|22.580|-0.200|-0.88|776
5121|HEKTAR|1.130|1.130|1.150|+0.020|+1.77|1,784
4324|HENGYUAN|6.000|5.930|5.920|-0.080|-1.33|2,690
4324C1|HENGYUAN-C1|0.020|0.000|0.000|0.000|0.00|0
4324C2|HENGYUAN-C2|0.010|0.000|0.000|0.000|0.00|0
4324C4|HENGYUAN-C4|0.030|0.000|0.000|0.000|0.00|0
4324C5|HENGYUAN-C5|0.030|0.000|0.000|0.000|0.00|0
4324C6|HENGYUAN-C6|0.055|0.055|0.055|0.000|0.00|1,140
4324C7|HENGYUAN-C7|0.210|0.195|0.200|-0.010|-4.76|200
4324CZ|HENGYUAN-CZ|0.030|0.000|0.000|0.000|0.00|0
5095|HEVEA|0.615|0.610|0.635|+0.020|+3.25|9,002
5095WB|HEVEA-WB|0.450|0.000|0.000|0.000|0.00|0
3298|HEXZA|0.690|0.690|0.700|+0.010|+1.45|1,560
0175|HHGROUP|0.130|0.120|0.125|-0.005|-3.85|2,650
0160|HHHCORP|0.095|0.090|0.095|0.000|0.00|960
5072|HIAPTEK|0.275|0.275|0.280|+0.005|+1.82|25,325
5072LA|HIAPTEK-LA|0.295|0.000|0.000|0.000|0.00|0
5072WB|HIAPTEK-WB|0.085|0.085|0.085|0.000|0.00|11,283
5199|HIBISCS|1.050|1.040|1.050|0.000|0.00|250,317
5199CK|HIBISCS-CK|0.010|0.010|0.010|0.000|0.00|2,199
5199CM|HIBISCS-CM|0.090|0.090|0.090|0.000|0.00|1,000
5199CN|HIBISCS-CN|0.100|0.000|0.000|0.000|0.00|0
5199CO|HIBISCS-CO|0.080|0.080|0.080|0.000|0.00|200
5199CP|HIBISCS-CP|0.055|0.055|0.055|0.000|0.00|400
5199CQ|HIBISCS-CQ|0.125|0.125|0.125|0.000|0.00|12,190
5199CR|HIBISCS-CR|0.115|0.110|0.115|0.000|0.00|9,502
5199CS|HIBISCS-CS|0.105|0.105|0.105|0.000|0.00|2,000
5199CT|HIBISCS-CT|0.130|0.140|0.140|+0.010|+7.69|4,000
5199CU|HIBISCS-CU|0.095|0.090|0.090|-0.005|-5.26|14,000
5199CV|HIBISCS-CV|0.080|0.000|0.000|0.000|0.00|0
5199WC|HIBISCS-WC|0.480|0.470|0.470|-0.010|-2.08|92,257
7033|HIGHTEC|1.280|0.000|0.000|0.000|0.00|0
8443|HIL|0.500|0.500|0.500|0.000|0.00|30,730
8443WB|HIL-WB|0.180|0.000|0.000|0.000|0.00|0
0505CF|HKEX-CF|0.410|0.000|0.000|0.000|0.00|0
5819|HLBANK|21.280|21.000|21.260|-0.020|-0.09|15,135
5819CN|HLBANK-CN|0.060|0.000|0.000|0.000|0.00|0
5819CO|HLBANK-CO|0.160|0.000|0.000|0.000|0.00|0
5274|HLCAP|9.600|0.000|0.000|0.000|0.00|0
1082|HLFG|19.560|19.380|19.600|+0.040|+0.20|4,994
3301|HLIND|9.890|9.950|9.860|-0.030|-0.30|797
0188|HLT|0.155|0.135|0.135|-0.020|-12.90|100
0188WA|HLT-WA|0.050|0.000|0.000|0.000|0.00|0
5169|HOHUP|0.375|0.385|0.380|+0.005|+1.33|1,825
5165|HOKHENG|0.550|0.550|0.550|0.000|0.00|150
5160|HOMERIZ|0.610|0.610|0.615|+0.005|+0.82|662
5160WA|HOMERIZ-WA|0.075|0.000|0.000|0.000|0.00|0
7010|HOOVER|0.605|0.605|0.605|0.000|0.00|150
06513U|HSI-C3U|0.045|0.055|0.045|0.000|0.00|13,950
06513V|HSI-C3V|0.140|0.150|0.150|+0.010|+7.14|623,272
06513W|HSI-C3W|0.435|0.460|0.455|+0.020|+4.60|515,865
06513X|HSI-C3X|0.925|0.930|0.950|+0.025|+2.70|3,714
06513Y|HSI-C3Y|0.120|0.130|0.120|0.000|0.00|500
06513Z|HSI-C3Z|0.215|0.220|0.220|+0.005|+2.33|120,001
06515A|HSI-C5A|0.435|0.425|0.450|+0.015|+3.45|457,780
06515B|HSI-C5B|0.730|0.750|0.755|+0.025|+3.42|44,504
06515C|HSI-C5C|0.230|0.240|0.240|+0.010|+4.35|303,613
06515D|HSI-C5D|0.375|0.390|0.390|+0.015|+4.00|266,897
06515E|HSI-C5E|0.645|0.670|0.700|+0.055|+8.53|12,428
06515F|HSI-C5F|0.990|1.050|1.040|+0.050|+5.05|360
06515G|HSI-C5G|0.545|0.550|0.565|+0.020|+3.67|4,009
06515H|HSI-C5H|0.840|0.835|0.845|+0.005|+0.60|4,000
06515I|HSI-C5I|1.080|0.000|0.000|0.000|0.00|0
06515J|HSI-C5J|0.685|0.700|0.705|+0.020|+2.92|698
06515K|HSI-C5K|1.030|1.070|1.070|+0.040|+3.88|450
06515L|HSI-C5L|1.340|0.000|0.000|0.000|0.00|0
06515M|HSI-C5M|1.860|1.880|1.920|+0.060|+3.23|120
06514V|HSI-H4V|0.005|0.005|0.005|0.000|0.00|56,386
06514W|HSI-H4W|0.005|0.005|0.005|0.000|0.00|79,487
06514X|HSI-H4X|0.040|0.035|0.025|-0.015|-37.50|36,540
06514Y|HSI-H4Y|0.110|0.100|0.085|-0.025|-22.73|349,212
06514Z|HSI-H4Z|0.020|0.015|0.015|-0.005|-25.00|5,690
06516A|HSI-H6A|0.030|0.030|0.030|0.000|0.00|17,962
06516B|HSI-H6B|0.085|0.080|0.080|-0.005|-5.88|770
06516C|HSI-H6C|0.170|0.160|0.145|-0.025|-14.71|73,760
06516D|HSI-H6D|0.115|0.000|0.000|0.000|0.00|0
06516E|HSI-H6E|0.190|0.185|0.175|-0.015|-7.89|17,699
06516F|HSI-H6F|0.330|0.315|0.305|-0.025|-7.58|303,338
06516G|HSI-H6G|0.560|0.540|0.520|-0.040|-7.14|199,757
06516H|HSI-H6H|0.130|0.110|0.125|-0.005|-3.85|210
06516I|HSI-H6I|0.205|0.185|0.190|-0.015|-7.32|1,583
06516J|HSI-H6J|0.325|0.315|0.305|-0.020|-6.15|75,150
06516K|HSI-H6K|0.090|0.000|0.000|0.000|0.00|0
06516L|HSI-H6L|0.160|0.000|0.000|0.000|0.00|0
06516M|HSI-H6M|0.225|0.215|0.205|-0.020|-8.89|29,969
06516N|HSI-H6N|0.345|0.335|0.330|-0.015|-4.35|2,195
6238|HSL|1.520|1.530|1.560|+0.040|+2.63|200
5138|HSPLANT|1.940|1.860|1.860|-0.080|-4.12|132
0185|HSSEB|1.080|1.070|1.090|+0.010|+0.93|2,818
0185WA|HSSEB-WA|0.200|0.190|0.200|0.000|0.00|36
5028|HTPADU|0.680|0.680|0.705|+0.025|+3.68|11,949
2739|HUAAN|0.225|0.225|0.220|-0.005|-2.22|486,976
5062|HUAYANG|0.410|0.400|0.410|0.000|0.00|1,471
7013|HUBLINE|0.060|0.055|0.055|-0.005|-8.33|46,040
7013WA|HUBLINE-WA|0.005|0.000|0.000|0.000|0.00|0
7013WB|HUBLINE-WB|0.005|0.000|0.000|0.000|0.00|0
7013WC|HUBLINE-WC|0.020|0.000|0.000|0.000|0.00|0
5000|HUMEIND|0.620|0.635|0.630|+0.010|+1.61|2,813
5024|HUPSENG|1.010|1.010|1.020|+0.010|+0.99|1,421
8478|HWATAI|0.340|0.000|0.000|0.000|0.00|0
9601|HWGB|0.095|0.095|0.095|0.000|0.00|3,367
9601WD|HWGB-WD|0.030|0.025|0.020|-0.010|-33.33|1,400
4251|IBHD|0.425|0.425|0.435|+0.010|+2.35|1,340
4251LB|IBHD-LB|0.320|0.000|0.000|0.000|0.00|0
4251WA|IBHD-WA|0.010|0.000|0.000|0.000|0.00|0
5084|IBRACO|0.710|0.710|0.710|0.000|0.00|50
5108|ICAP|2.400|2.400|2.420|+0.020|+0.83|20
0502CF|ICBC-CF|0.100|0.000|0.000|0.000|0.00|0
5255|ICON|0.070|0.070|0.075|+0.005|+7.14|12,445
9687|IDEAL|1.230|1.250|1.250|+0.020|+1.63|1,028
9687WB|IDEAL-WB|0.420|0.420|0.405|-0.015|-3.57|405
0174|IDMENSN|0.025|0.025|0.025|0.000|0.00|50
0174WA|IDMENSN-WA|0.005|0.000|0.000|0.000|0.00|0
0023|IFCAMSC|0.345|0.350|0.410|+0.065|+18.84|504,954
5606|IGBB|2.500|2.520|2.500|0.000|0.00|110
5606PA|IGBB-PA|1.110|0.000|0.000|0.000|0.00|0
5606PB|IGBB-PB|3.250|0.000|0.000|0.000|0.00|0
5227|IGBREIT|1.770|1.760|1.760|-0.010|-0.56|1,183
5225|IHH|5.790|5.710|5.780|-0.010|-0.17|44,036
522510|IHH-C10|0.125|0.130|0.125|0.000|0.00|1,400
5225C7|IHH-C7|0.050|0.000|0.000|0.000|0.00|0
5225C8|IHH-C8|0.115|0.115|0.115|0.000|0.00|1,200
5225C9|IHH-C9|0.095|0.000|0.000|0.000|0.00|0
0401GA|IHS046000824|96.000|0.000|0.000|0.000|0.00|0
3336|IJM|1.830|1.800|1.770|-0.060|-3.28|33,809
333620|IJM-C20|0.050|0.000|0.000|0.000|0.00|0
333621|IJM-C21|0.045|0.000|0.000|0.000|0.00|0
333622|IJM-C22|0.050|0.000|0.000|0.000|0.00|0
333624|IJM-C24|0.110|0.000|0.000|0.000|0.00|0
333625|IJM-C25|0.150|0.120|0.120|-0.030|-20.00|232
2216|IJMPLNT|1.720|1.690|1.720|0.000|0.00|153
5268|IKHMAS|0.130|0.125|0.130|0.000|0.00|19,933
5614|ILB|0.450|0.435|0.435|-0.015|-3.33|69
7222|IMASPRO|2.230|2.220|2.230|0.000|0.00|7,219
0166|INARI|1.590|1.580|1.580|-0.010|-0.63|47,388
016621|INARI-C21|0.010|0.000|0.000|0.000|0.00|0
016622|INARI-C22|0.005|0.000|0.000|0.000|0.00|0
016623|INARI-C23|0.005|0.000|0.000|0.000|0.00|0
016624|INARI-C24|0.005|0.000|0.000|0.000|0.00|0
016625|INARI-C25|0.005|0.000|0.000|0.000|0.00|0
016626|INARI-C26|0.045|0.000|0.000|0.000|0.00|0
016627|INARI-C27|0.040|0.040|0.040|0.000|0.00|5,831
016628|INARI-C28|0.040|0.040|0.040|0.000|0.00|300
016629|INARI-C29|0.075|0.000|0.000|0.000|0.00|0
016630|INARI-C30|0.070|0.000|0.000|0.000|0.00|0
016631|INARI-C31|0.130|0.130|0.130|0.000|0.00|37,000
016632|INARI-C32|0.135|0.135|0.135|0.000|0.00|14,524
016633|INARI-C33|0.280|0.000|0.000|0.000|0.00|0
016634|INARI-C34|0.090|0.090|0.090|0.000|0.00|4,000
016635|INARI-C35|0.070|0.070|0.070|0.000|0.00|1,500
016636|INARI-C36|0.150|0.090|0.090|-0.060|-40.00|800
0166WB|INARI-WB|1.030|1.020|1.040|+0.010|+0.97|666
2607|INCKEN|0.640|0.630|0.620|-0.020|-3.13|2,421
0094|INIX|0.080|0.080|0.070|-0.010|-12.50|191,772
0094WA|INIX-WA|0.025|0.025|0.025|0.000|0.00|16,659
0147|INNITY|0.615|0.000|0.000|0.000|0.00|0
6262|INNO|0.715|0.000|0.000|0.000|0.00|0
3379|INSAS|0.785|0.790|0.780|-0.005|-0.64|2,574
3379PA|INSAS-PA|0.975|0.975|0.975|0.000|0.00|6
3379WB|INSAS-WB|0.085|0.075|0.075|-0.010|-11.76|1,228
0192|INTA|0.270|0.280|0.280|+0.010|+3.70|1,035
1961|IOICORP|4.520|4.480|4.520|0.000|0.00|20,640
196119|IOICORP-C19|0.050|0.060|0.060|+0.010|+20.00|20
5249|IOIPG|1.540|1.510|1.510|-0.030|-1.95|12,312
5249CU|IOIPG-CU|0.045|0.000|0.000|0.000|0.00|0
5249CV|IOIPG-CV|0.200|0.195|0.195|-0.005|-2.50|1,000
5673|IPMUDA|0.510|0.000|0.000|0.000|0.00|0
5107|IQGROUP|1.220|1.230|1.230|+0.010|+0.82|267
8834|IREKA|0.530|0.555|0.555|+0.025|+4.72|20
8834WB|IREKA-WB|0.005|0.000|0.000|0.000|0.00|0
7183|IRETEX|0.125|0.120|0.125|0.000|0.00|151
7183LA|IRETEX-LA|0.015|0.015|0.015|0.000|0.00|3,400
7183WA|IRETEX-WA|0.005|0.000|0.000|0.000|0.00|0
0010|IRIS|0.130|0.135|0.130|0.000|0.00|47,417
9393|ITRONIC|0.095|0.090|0.090|-0.005|-5.26|400
5175|IVORY|0.210|0.205|0.220|+0.010|+4.76|1,430
1589|IWCITY|0.600|0.605|0.710|+0.110|+18.33|760,792
7223|JADI|0.035|0.035|0.035|0.000|0.00|912
0024|JAG|0.045|0.045|0.050|+0.005|+11.11|135,827
0024WA|JAG-WA|0.005|0.000|0.000|0.000|0.00|0
0024WB|JAG-WB|0.010|0.010|0.010|0.000|0.00|1,000
4723|JAKS|0.605|0.605|0.620|+0.015|+2.48|146,046
4723WB|JAKS-WB|0.325|0.325|0.330|+0.005|+1.54|9,081
8648|JASKITA|0.110|0.110|0.110|0.000|0.00|600
7152|JAYCORP|0.825|0.825|0.825|0.000|0.00|8
0058|JCBNEXT|1.540|1.500|1.530|-0.010|-0.65|111
5161|JCY|0.205|0.205|0.205|0.000|0.00|14,739
8931|JERASIA|0.370|0.000|0.000|0.000|0.00|0
9083|JETSON|0.180|0.175|0.185|+0.005|+2.78|681
0146|JFTECH|0.775|0.830|0.790|+0.015|+1.94|110
0127|JHM|1.190|1.190|1.190|0.000|0.00|9,009
8923|JIANKUN|0.325|0.000|0.000|0.000|0.00|0
8923WA|JIANKUN-WA|0.075|0.000|0.000|0.000|0.00|0
6769|JKGLAND|0.080|0.080|0.075|-0.005|-6.25|1,440
03003|JMEDU|0.560|0.000|0.000|0.000|0.00|0
7043|JMR|0.960|0.000|0.000|0.000|0.00|0
3441|JOHAN|0.090|0.090|0.090|0.000|0.00|1,140
7167|JOHOTIN|1.410|1.440|1.420|+0.010|+0.71|28,521
4383|JTIASA|0.525|0.525|0.535|+0.010|+1.90|6,957
0111|K1|0.235|0.240|0.240|+0.005|+2.13|37,660
0111WC|K1-WC|0.110|0.110|0.115|+0.005|+4.55|18,297
0193|KAB|0.235|0.235|0.230|-0.005|-2.13|3,800
8672|KAMDAR|0.290|0.000|0.000|0.000|0.00|0
0170|KANGER|0.045|0.045|0.040|-0.005|-11.11|1,330
0170WA|KANGER-WA|0.020|0.000|0.000|0.000|0.00|0
5247|KAREX|0.400|0.405|0.410|+0.010|+2.50|71,013
0054|KARYON|0.135|0.135|0.135|0.000|0.00|3,775
7216|KAWAN|1.790|1.780|1.750|-0.040|-2.23|1,612
3115|KBUNAI|0.085|0.085|0.080|-0.005|-5.88|32,894
3115WC|KBUNAI-WC|0.020|0.020|0.020|0.000|0.00|70,060
7199|KEINHIN|0.630|0.000|0.000|0.000|0.00|0
7323|KEN|0.700|0.000|0.000|0.000|0.00|0
6483|KENANGA|0.560|0.550|0.565|+0.005|+0.89|424
7161|KERJAYA|1.240|1.250|1.270|+0.030|+2.42|4,293
7161CJ|KERJAYA-CJ|0.020|0.000|0.000|0.000|0.00|0
7161WB|KERJAYA-WB|0.235|0.000|0.000|0.000|0.00|0
9334|KESM|9.600|9.550|9.500|-0.100|-1.04|175
0143|KEYASIC|0.110|0.110|0.110|0.000|0.00|71,919
6491|KFIMA|1.630|1.630|1.650|+0.020|+1.23|268
8303|KFM|0.140|0.155|0.165|+0.025|+17.86|502
0151|KGB|1.270|1.270|1.270|0.000|0.00|7,102
0151WA|KGB-WA|0.740|0.745|0.745|+0.005|+0.68|3,706
0036|KGROUP|0.045|0.040|0.040|-0.005|-11.11|1,402
0036WB|KGROUP-WB|0.010|0.000|0.000|0.000|0.00|0
6203|KHEESAN|0.600|0.575|0.600|0.000|0.00|400
7062|KHIND|1.700|1.680|1.680|-0.020|-1.18|50
6211|KIALIM|0.220|0.000|0.000|0.000|0.00|0
3522|KIANJOO|3.040|3.040|3.040|0.000|0.00|1,421
5371|KIMHIN|1.250|1.220|1.220|-0.030|-2.40|60
5171|KIMLUN|1.250|1.280|1.280|+0.030|+2.40|15
5171WA|KIMLUN-WA|0.310|0.000|0.000|0.000|0.00|0
5060|KINSTEL|0.005|0.000|0.000|0.000|0.00|0
5280|KIPREIT|0.830|0.830|0.830|0.000|0.00|1,649
9466|KKB|1.230|1.250|1.240|+0.010|+0.81|3,704
5235SS|KLCC|7.750|7.750|7.750|0.000|0.00|221
2445|KLK|24.760|24.660|24.760|0.000|0.00|2,795
2445C2|KLK-C2|0.140|0.000|0.000|0.000|0.00|0
2453|KLUANG|3.520|3.510|3.560|+0.040|+1.14|88
5027|KMLOONG|1.260|1.250|1.260|0.000|0.00|868
5027WB|KMLOONG-WB|0.270|0.265|0.210|-0.060|-22.22|116
7164|KNM|0.095|0.095|0.100|+0.005|+5.26|460,193
7164WB|KNM-WB|0.015|0.020|0.015|0.000|0.00|12,745
5035|KNUSFOR|0.370|0.430|0.430|+0.060|+16.22|120
6971|KOBAY|1.530|1.530|1.530|0.000|0.00|27
7017|KOMARK|0.165|0.165|0.180|+0.015|+9.09|45,200
7017WB|KOMARK-WB|0.025|0.025|0.030|+0.005|+20.00|4,505
7153|KOSSAN|3.850|3.830|3.800|-0.050|-1.30|4,605
7153CY|KOSSAN-CY|0.010|0.000|0.000|0.000|0.00|0
7153CZ|KOSSAN-CZ|0.150|0.000|0.000|0.000|0.00|0
0002|KOTRA|1.750|0.000|0.000|0.000|0.00|0
5878|KPJ|1.010|1.010|1.010|0.000|0.00|77,822
5878CR|KPJ-CR|0.020|0.000|0.000|0.000|0.00|0
5878CS|KPJ-CS|0.030|0.000|0.000|0.000|0.00|0
7130|KPOWER|0.480|0.000|0.000|0.000|0.00|0
5843|KPS|1.320|1.300|1.310|-0.010|-0.76|2,929
9121|KPSCB|0.515|0.505|0.510|-0.005|-0.97|415
1996|KRETAM|0.405|0.400|0.400|-0.005|-1.23|780
0176|KRONO|0.625|0.630|0.625|0.000|0.00|53,832
3476|KSENG|4.700|4.700|4.650|-0.050|-1.06|109
5038|KSL|0.835|0.840|0.840|+0.005|+0.60|1,603
5192|KSSC|0.555|0.585|0.560|+0.005|+0.90|67,842
5172|KSTAR|0.080|0.000|0.000|0.000|0.00|0
5172WA|KSTAR-WA|0.020|0.000|0.000|0.000|0.00|0
4847|KTB|0.070|0.000|0.000|0.000|0.00|0
0180|KTC|0.185|0.185|0.190|+0.005|+2.70|6,495
6874|KUB|0.395|0.445|0.450|+0.055|+13.92|237,294
2186|KUCHAI|1.610|1.610|1.600|-0.010|-0.62|128
6572|KWANTAS|0.830|0.830|0.830|0.000|0.00|60
8362|KYM|0.335|0.305|0.340|+0.005|+1.49|139
3174|L&G|0.150|0.150|0.155|+0.005|+3.33|16,291
3794|LAFMSIA|1.900|1.900|1.900|0.000|0.00|1,928
0018|LAMBO|0.135|0.130|0.140|+0.005|+3.70|46,956
1643|LANDMRK|0.470|0.460|0.470|0.000|0.00|4,590
7006|LATITUD|3.950|3.960|3.970|+0.020|+0.51|390
9385|LAYHONG|0.410|0.410|0.420|+0.010|+2.44|100,473
9385WA|LAYHONG-WA|0.180|0.175|0.185|+0.005|+2.78|60,378
9326|LBALUM|0.500|0.470|0.495|-0.005|-1.00|110
8494|LBICAP|0.765|0.765|0.780|+0.015|+1.96|862
5789|LBS|0.680|0.680|0.680|0.000|0.00|3,119
5789PA|LBS-PA|0.840|0.000|0.000|0.000|0.00|0
5789WB|LBS-WB|0.245|0.000|0.000|0.000|0.00|0
5284|LCTITAN|4.340|4.300|4.300|-0.040|-0.92|5,872
9628|LEBTECH|0.860|0.000|0.000|0.000|0.00|0
8079|LEESK|0.930|0.920|0.915|-0.015|-1.61|229
5232|LEONFB|0.490|0.495|0.490|0.000|0.00|2,980
8745|LEWEKO|0.155|0.150|0.150|-0.005|-3.23|771
8745WB|LEWEKO-WB|0.055|0.000|0.000|0.000|0.00|0
7170|LFECORP|0.110|0.000|0.000|0.000|0.00|0
3573|LIENHOE|0.280|0.275|0.280|0.000|0.00|410
7089|LIIHEN|2.790|2.790|2.760|-0.030|-1.08|3,439
8486|LIONFIB|0.480|0.420|0.440|-0.040|-8.33|592
4235|LIONIND|0.515|0.515|0.515|0.000|0.00|43,679
6645|LITRAK|4.280|4.280|4.300|+0.020|+0.47|2,014
0182|LKL|0.110|0.110|0.110|0.000|0.00|60
7126|LONBISC|0.470|0.470|0.440|-0.030|-6.38|73,603
7126WA|LONBISC-WA|0.045|0.040|0.040|-0.005|-11.11|4,414
8621|LPI|16.320|16.300|16.280|-0.040|-0.25|229
9881|LSTEEL|0.265|0.270|0.270|+0.005|+1.89|209
7085|LTKM|1.350|1.250|1.320|-0.030|-2.22|165
5068|LUSTER|0.080|0.080|0.080|0.000|0.00|4,610
5068WA|LUSTER-WA|0.035|0.000|0.000|0.000|0.00|0
5068WB|LUSTER-WB|0.040|0.000|0.000|0.000|0.00|0
5143|LUXCHEM|0.560|0.550|0.555|-0.005|-0.89|1,387
0075|LYC|0.330|0.330|0.340|+0.010|+3.03|854
9199|LYSAGHT|2.690|0.000|0.000|0.000|0.00|0
5078|M&G|0.070|0.075|0.075|+0.005|+7.14|1,410
0017|M3TECH|0.045|0.045|0.045|0.000|0.00|1,501
0017WA|M3TECH-WA|0.005|0.000|0.000|0.000|0.00|0
1198|MAA|1.000|1.000|1.000|0.000|0.00|18,453
7617|MAGNA|0.885|0.880|0.880|-0.005|-0.56|80
7617WB|MAGNA-WB|0.180|0.000|0.000|0.000|0.00|0
7087|MAGNI|4.550|4.530|4.550|0.000|0.00|252
3859|MAGNUM|2.460|2.460|2.420|-0.040|-1.63|41,466
8583|MAHSING|0.960|0.960|0.945|-0.015|-1.56|19,215
858317|MAHSING-C17|0.040|0.000|0.000|0.000|0.00|0
858318|MAHSING-C18|0.030|0.000|0.000|0.000|0.00|0
858319|MAHSING-C19|0.035|0.000|0.000|0.000|0.00|0
8583WC|MAHSING-WC|0.020|0.020|0.025|+0.005|+25.00|1,961
5264|MALAKOF|0.900|0.905|0.905|+0.005|+0.56|24,160
526412|MALAKOFC12|0.005|0.000|0.000|0.000|0.00|0
526413|MALAKOFC13|0.010|0.000|0.000|0.000|0.00|0
526414|MALAKOFC14|0.025|0.000|0.000|0.000|0.00|0
526415|MALAKOFC15|0.035|0.000|0.000|0.000|0.00|0
526416|MALAKOFC16|0.025|0.000|0.000|0.000|0.00|0
526417|MALAKOFC17|0.090|0.000|0.000|0.000|0.00|0
526418|MALAKOFC18|0.055|0.060|0.060|+0.005|+9.09|4,855
526419|MALAKOFC19|0.115|0.120|0.120|+0.005|+4.35|6,000
526420|MALAKOFC20|0.085|0.085|0.085|0.000|0.00|100
526421|MALAKOFC21|0.150|0.000|0.000|0.000|0.00|0
4936|MALPAC|0.860|0.780|0.850|-0.010|-1.16|60
6181|MALTON|0.490|0.495|0.530|+0.040|+8.16|65,202
1058|MANULFE|2.590|0.000|0.000|0.000|0.00|0
3514|MARCO|0.120|0.120|0.120|0.000|0.00|1,100
5098|MASTEEL|0.440|0.440|0.440|0.000|0.00|10,429
7029|MASTER|0.640|0.640|0.655|+0.015|+2.34|4,858
0189|MATANG|0.075|0.070|0.070|-0.005|-6.67|2,500
5236|MATRIX|1.970|1.970|1.960|-0.010|-0.51|3,516
5236WA|MATRIX-WA|0.145|0.130|0.145|0.000|0.00|1,006
6012|MAXIS|5.390|5.330|5.310|-0.080|-1.48|33,567
6012C8|MAXIS-C8|0.065|0.000|0.000|0.000|0.00|0
6012C9|MAXIS-C9|0.050|0.045|0.045|-0.005|-10.00|1,229
5189|MAXWELL|0.010|0.000|0.000|0.000|0.00|0
5189WA|MAXWELL-WA|0.005|0.000|0.000|0.000|0.00|0
1155|MAYBANK|9.530|9.500|9.540|+0.010|+0.10|65,571
115543|MAYBANKC43|0.085|0.000|0.000|0.000|0.00|0
115544|MAYBANKC44|0.025|0.010|0.010|-0.015|-60.00|195
115545|MAYBANKC45|0.065|0.000|0.000|0.000|0.00|0
115546|MAYBANKC46|0.020|0.020|0.020|0.000|0.00|50
115547|MAYBANKC47|0.035|0.000|0.000|0.000|0.00|0
115548|MAYBANKC48|0.025|0.030|0.030|+0.005|+20.00|500
115549|MAYBANKC49|0.125|0.120|0.120|-0.005|-4.00|23,000
115550|MAYBANKC50|0.110|0.115|0.115|+0.005|+4.55|200
115551|MAYBANKC51|0.110|0.115|0.110|0.000|0.00|810
115552|MAYBANKC52|0.050|0.055|0.050|0.000|0.00|2,703
115553|MAYBANKC53|0.150|0.000|0.000|0.000|0.00|0
5077|MAYBULK|0.630|0.635|0.615|-0.015|-2.38|9,339
5886|MBG|0.800|0.000|0.000|0.000|0.00|0
5152|MBL|1.060|1.030|1.080|+0.020|+1.89|2,246
5152WA|MBL-WA|0.305|0.340|0.340|+0.035|+11.48|50
5983|MBMR|2.710|2.740|2.700|-0.010|-0.37|13,702
1171|MBSB|1.010|1.010|0.995|-0.015|-1.49|72,163
117115|MBSB-C15|0.025|0.000|0.000|0.000|0.00|0
117116|MBSB-C16|0.065|0.060|0.060|-0.005|-7.69|4,247
117117|MBSB-C17|0.055|0.055|0.055|0.000|0.00|1,000
117118|MBSB-C18|0.060|0.055|0.055|-0.005|-8.33|4,300
117119|MBSB-C19|0.070|0.000|0.000|0.000|0.00|0
117120|MBSB-C20|0.035|0.000|0.000|0.000|0.00|0
7189|MBWORLD|1.610|1.650|1.630|+0.020|+1.24|470
7004|MCEHLDG|0.590|0.000|0.000|0.000|0.00|0
0167|MCLEAN|0.110|0.110|0.100|-0.010|-9.09|3,104
0167WB|MCLEAN-WB|0.015|0.000|0.000|0.000|0.00|0
5182|MCT|0.660|0.660|0.660|0.000|0.00|100
5040|MEDAINC|0.300|0.295|0.295|-0.005|-1.67|3,410
5040WA|MEDAINC-WA|0.095|0.000|0.000|0.000|0.00|0
5040WB|MEDAINC-WB|0.025|0.020|0.025|0.000|0.00|1,013
5040WC|MEDAINC-WC|0.025|0.000|0.000|0.000|0.00|0
4502|MEDIA|0.475|0.475|0.490|+0.015|+3.16|30,527
5090|MEDIAC|0.220|0.225|0.225|+0.005|+2.27|4,174
0081|MEGASUN|0.160|0.160|0.160|0.000|0.00|750
0081WA|MEGASUN-WA|0.065|0.055|0.050|-0.015|-23.08|3,050
5129|MELATI|0.475|0.495|0.495|+0.020|+4.21|157
3778|MELEWAR|0.125|0.125|0.140|+0.015|+12.00|3,672
3778WB|MELEWAR-WB|0.045|0.040|0.050|+0.005|+11.11|1,310
1694|MENANG|0.365|0.395|0.400|+0.035|+9.59|80
1694WB|MENANG-WB|0.005|0.005|0.005|0.000|0.00|14,276
0577C2|MENGNIU-C2|0.165|0.175|0.170|+0.005|+3.03|27,736
5223|MENTIGA|0.510|0.000|0.000|0.000|0.00|0
8192|MERCURY|0.860|0.000|0.000|0.000|0.00|0
5006|MERGE|1.120|1.130|1.270|+0.150|+13.39|14,725
7234|MESB|0.270|0.285|0.310|+0.040|+14.81|2,826
7234WA|MESB-WA|0.085|0.085|0.090|+0.005|+5.88|2,822
0826EA|METFAPA|1.040|0.000|0.000|0.000|0.00|0
0825EA|METFSID|0.842|0.826|0.826|-0.016|-1.90|140
0827EA|METFUS50|1.030|1.035|1.065|+0.035|+3.40|50
6149|METROD|1.700|0.000|0.000|0.000|0.00|0
3069|MFCB|3.850|3.850|3.790|-0.060|-1.56|1,142
3069WA|MFCB-WA|1.620|1.610|1.630|+0.010|+0.62|701
03015|MFGROUP|0.220|0.000|0.000|0.000|0.00|0
3662|MFLOUR|0.610|0.615|0.645|+0.035|+5.74|217,197
3662LA|MFLOUR-LA|1.190|1.210|1.240|+0.050|+4.20|3,880
3662WC|MFLOUR-WC|0.205|0.205|0.220|+0.015|+7.32|66,426
7595|MGB|0.735|0.750|0.775|+0.040|+5.44|2,914
7595WA|MGB-WA|0.220|0.230|0.230|+0.010|+4.55|50
0155|MGRC|0.255|0.000|0.000|0.000|0.00|0
5186|MHB|0.755|0.755|0.750|-0.005|-0.66|3,785
518613|MHB-C13|0.030|0.000|0.000|0.000|0.00|0
5026|MHC|0.610|0.600|0.600|-0.010|-1.64|75
03005|MHCARE|0.480|0.500|0.520|+0.040|+8.33|150
5286|MI|2.360|2.360|2.350|-0.010|-0.42|7,191
5286CA|MI-CA|0.090|0.000|0.000|0.000|0.00|0
5286CB|MI-CB|0.045|0.000|0.000|0.000|0.00|0
5286CC|MI-CC|0.080|0.000|0.000|0.000|0.00|0
5286CD|MI-CD|0.160|0.160|0.155|-0.005|-3.13|230
5286CE|MI-CE|0.150|0.000|0.000|0.000|0.00|0
5286CF|MI-CF|0.125|0.000|0.000|0.000|0.00|0
0126|MICROLN|0.450|0.385|0.435|-0.015|-3.33|86
5001|MIECO|0.265|0.265|0.270|+0.005|+1.89|4,994
0112|MIKROMB|0.265|0.265|0.265|0.000|0.00|8,983
7935|MILUX|0.720|0.680|0.680|-0.040|-5.56|23
5166|MINDA|0.050|0.045|0.050|0.000|0.00|748
7219|MINETEC|0.045|0.055|0.055|+0.010|+22.22|1,530
7219WA|MINETEC-WA|0.005|0.000|0.000|0.000|0.00|0
5576|MINHO|0.300|0.300|0.305|+0.005|+1.67|2,668
5576WC|MINHO-WC|0.065|0.075|0.085|+0.020|+30.77|304
3816|MISC|6.890|6.810|6.820|-0.070|-1.02|3,707
381619|MISC-C19|0.180|0.170|0.165|-0.015|-8.33|1,076
381620|MISC-C20|0.105|0.000|0.000|0.000|0.00|0
381621|MISC-C21|0.160|0.000|0.000|0.000|0.00|0
9571|MITRA|0.340|0.340|0.330|-0.010|-2.94|13,074
9571WD|MITRA-WD|0.035|0.030|0.035|0.000|0.00|1,010
9571WE|MITRA-WE|0.070|0.070|0.070|0.000|0.00|129
8141|MJPERAK|0.230|0.000|0.000|0.000|0.00|0
6114|MKH|1.250|1.260|1.250|0.000|0.00|2,261
8893|MKLAND|0.195|0.195|0.195|0.000|0.00|1,925
0085|MLAB|0.040|0.040|0.040|0.000|0.00|3,963
0085WA|MLAB-WA|0.010|0.000|0.000|0.000|0.00|0
0085WB|MLAB-WB|0.005|0.005|0.010|+0.005|+100.00|4,861
0034|MMAG|0.240|0.225|0.225|-0.015|-6.25|150
0034PA|MMAG-PA|0.090|0.090|0.090|0.000|0.00|4,239
0034WB|MMAG-WB|0.075|0.000|0.000|0.000|0.00|0
2194|MMCCORP|1.040|1.060|1.090|+0.050|+4.81|28,540
0113|MMSV|0.975|0.975|0.985|+0.010|+1.03|2,870
0103|MNC|0.040|0.040|0.040|0.000|0.00|4,760
0103WA|MNC-WA|0.010|0.010|0.010|0.000|0.00|1,000
6459|MNRB|1.040|1.040|1.000|-0.040|-3.85|57,096
0156|MPAY|0.125|0.120|0.130|+0.005|+4.00|26,881
6548|MPCORP|0.045|0.000|0.000|0.000|0.00|0
5237|MPHBCAP|1.080|1.080|1.070|-0.010|-0.93|756
3867|MPI|9.920|9.880|9.910|-0.010|-0.10|3,663
5123|MQREIT|1.090|1.090|1.100|+0.010|+0.92|1,670
0070|MQTECH|0.030|0.030|0.030|0.000|0.00|8,575
0070WA|MQTECH-WA|0.005|0.010|0.010|+0.005|+100.00|11,550
1651|MRCB|0.785|0.790|0.790|+0.005|+0.64|114,779
165134|MRCB-C34|0.010|0.000|0.000|0.000|0.00|0
165135|MRCB-C35|0.005|0.000|0.000|0.000|0.00|0
165136|MRCB-C36|0.050|0.040|0.055|+0.005|+10.00|1,600
165137|MRCB-C37|0.080|0.080|0.080|0.000|0.00|26,200
165138|MRCB-C38|0.060|0.065|0.065|+0.005|+8.33|5,000
165139|MRCB-C39|0.120|0.125|0.120|0.000|0.00|38,603
165140|MRCB-C40|0.165|0.170|0.165|0.000|0.00|15,210
165141|MRCB-C41|0.130|0.140|0.135|+0.005|+3.85|23,094
165142|MRCB-C42|0.055|0.000|0.000|0.000|0.00|0
1651WB|MRCB-WB|0.230|0.240|0.230|0.000|0.00|6,709
5916|MSC|0.835|0.850|0.855|+0.020|+2.40|580
5202|MSM|2.100|2.090|2.050|-0.050|-2.38|250
5011|MSNIAGA|1.650|1.680|1.530|-0.120|-7.27|2,416
5150|MSPORTS|0.010|0.000|0.000|0.000|0.00|0
5924|MTDACPI|0.155|0.145|0.145|-0.010|-6.45|160
0092|MTOUCHE|0.060|0.060|0.060|0.000|0.00|5,360
0092WB|MTOUCHE-WB|0.025|0.000|0.000|0.000|0.00|0
0092WC|MTOUCHE-WC|0.015|0.000|0.000|0.000|0.00|0
0043|MTRONIC|0.110|0.105|0.105|-0.005|-4.55|2,187
3883|MUDA|1.890|1.890|1.920|+0.030|+1.59|23,291
5085|MUDAJYA|0.290|0.280|0.310|+0.020|+6.90|2,596
9539|MUH|0.420|0.000|0.000|0.000|0.00|0
5703|MUHIBAH|3.000|2.990|3.000|0.000|0.00|761
3891|MUIIND|0.170|0.175|0.170|0.000|0.00|8,159
3913|MUIPROP|0.185|0.180|0.185|0.000|0.00|10,827
3905|MULPHA|2.450|2.470|2.550|+0.100|+4.08|13,783
5087|MYCRON|0.265|0.270|0.260|-0.005|-1.89|1,495
5087WA|MYCRON-WA|0.110|0.000|0.000|0.000|0.00|0
0138|MYEG|1.020|1.010|1.000|-0.020|-1.96|296,180
013844|MYEG-C44|0.070|0.065|0.065|-0.005|-7.14|100
013846|MYEG-C46|0.010|0.000|0.000|0.000|0.00|0
013847|MYEG-C47|0.015|0.000|0.000|0.000|0.00|0
013848|MYEG-C48|0.005|0.000|0.000|0.000|0.00|0
013849|MYEG-C49|0.005|0.000|0.000|0.000|0.00|0
013850|MYEG-C50|0.055|0.000|0.000|0.000|0.00|0
013851|MYEG-C51|0.005|0.000|0.000|0.000|0.00|0
013852|MYEG-C52|0.005|0.000|0.000|0.000|0.00|0
013853|MYEG-C53|0.010|0.000|0.000|0.000|0.00|0
013854|MYEG-C54|0.005|0.000|0.000|0.000|0.00|0
013855|MYEG-C55|0.060|0.060|0.060|0.000|0.00|106,433
013856|MYEG-C56|0.230|0.230|0.225|-0.005|-2.17|4,400
013857|MYEG-C57|0.115|0.115|0.110|-0.005|-4.35|4,907
013858|MYEG-C58|0.070|0.070|0.065|-0.005|-7.14|32,977
013859|MYEG-C59|0.110|0.110|0.110|0.000|0.00|21,130
013860|MYEG-C60|0.115|0.115|0.115|0.000|0.00|4
013861|MYEG-C61|0.075|0.000|0.000|0.000|0.00|0
013862|MYEG-C62|0.150|0.000|0.000|0.000|0.00|0
013863|MYEG-C63|0.150|0.090|0.090|-0.060|-40.00|1,400
0821EA|MYETFDJ|1.135|0.000|0.000|0.000|0.00|0
0824EA|MYETFID|1.165|1.140|1.140|-0.025|-2.15|4,001
03010|MYKRIS|0.300|0.000|0.000|0.000|0.00|0
5275|MYNEWS|1.360|1.360|1.370|+0.010|+0.74|280
0108|N2N|0.890|0.900|0.885|-0.005|-0.56|2,608
0108WB|N2N-WB|0.245|0.245|0.245|0.000|0.00|995
0206|NADIBHD|0.260|0.260|0.260|0.000|0.00|8,241
5073|NAIM|0.940|0.960|0.970|+0.030|+3.19|182,212
9806|NATWIDE|0.320|0.000|0.000|0.000|0.00|0
4707|NESTLE|149.400|147.900|148.800|-0.600|-0.40|395
4707CE|NESTLE-CE|0.050|0.055|0.055|+0.005|+10.00|10
0020|NETX|0.020|0.015|0.015|-0.005|-25.00|7,007
0020WB|NETX-WB|0.005|0.000|0.000|0.000|0.00|0
0096|NEXGRAM|0.020|0.015|0.015|-0.005|-25.00|28,221
0096WA|NEXGRAM-WA|0.005|0.000|0.000|0.000|0.00|0
0096WB|NEXGRAM-WB|0.005|0.005|0.005|0.000|0.00|200
0096WC|NEXGRAM-WC|0.005|0.005|0.005|0.000|0.00|2,801
7241|NGGB|0.470|0.470|0.465|-0.005|-1.06|11,238
7241WA|NGGB-WA|0.190|0.190|0.195|+0.005|+2.63|35,586
7060|NHFATT|2.850|0.000|0.000|0.000|0.00|0
7139|NICE|0.035|0.035|0.035|0.000|0.00|3,857
7139WB|NICE-WB|0.010|0.010|0.010|0.000|0.00|7
7215|NIHSIN|0.270|0.275|0.280|+0.010|+3.70|25,245
0083|NOTION|0.585|0.585|0.575|-0.010|-1.71|10,566
0083WC|NOTION-WC|0.255|0.255|0.255|0.000|0.00|660
0201|NOVA|0.500|0.500|0.490|-0.010|-2.00|911
0026|NOVAMSC|0.125|0.125|0.120|-0.005|-4.00|80,824
5047|NPC|2.000|0.000|0.000|0.000|0.00|0
03006|NPS|0.230|0.000|0.000|0.000|0.00|0
2038|NSOP|3.300|3.300|3.300|0.000|0.00|20
5066|NTPM|0.500|0.505|0.500|0.000|0.00|190
5025|NWP|0.065|0.065|0.065|0.000|0.00|1,700
4944|NYLEX|0.660|0.680|0.670|+0.010|+1.52|155
5533|OCB|0.390|0.000|0.000|0.000|0.00|0
0172|OCK|0.570|0.570|0.565|-0.005|-0.88|34,064
0172WA|OCK-WA|0.095|0.100|0.100|+0.005|+5.26|11,463
0049|OCNCASH|0.395|0.400|0.410|+0.015|+3.80|1,900
7071|OCR|0.245|0.230|0.240|-0.005|-2.04|7,070
7071PA|OCR-PA|0.020|0.020|0.020|0.000|0.00|3,170
7071WC|OCR-WC|0.035|0.025|0.025|-0.010|-28.57|300
7071WD|OCR-WD|0.055|0.050|0.050|-0.005|-9.09|31,440
7107|OFI|0.765|0.770|0.770|+0.005|+0.65|6,275
5827|OIB|2.050|0.000|0.000|0.000|0.00|0
7140|OKA|0.630|0.000|0.000|0.000|0.00|0
3018|OLYMPIA|0.110|0.105|0.110|0.000|0.00|3,462
9008|OMESTI|0.370|0.385|0.380|+0.010|+2.70|2,570
0035|OPCOM|0.650|0.645|0.640|-0.010|-1.54|5,333
0040|OPENSYS|0.330|0.335|0.340|+0.010|+3.03|18,881
4006|ORIENT|6.820|6.830|6.820|0.000|0.00|491
0079|ORION|0.175|0.175|0.175|0.000|0.00|63,065
0079WA|ORION-WA|0.085|0.080|0.080|-0.005|-5.88|15,458
5065|ORNA|1.000|1.000|1.000|0.000|0.00|335
5053|OSK|0.980|0.980|0.975|-0.005|-0.51|5,753
5053WC|OSK-WC|0.050|0.050|0.055|+0.005|+10.00|7,180
0053|OSKVI|0.475|0.480|0.480|+0.005|+1.05|100
0153|OVERSEA|0.130|0.000|0.000|0.000|0.00|0
5260|OWG|0.635|0.640|0.630|-0.005|-0.79|5,052
5260WA|OWG-WA|0.175|0.175|0.170|-0.005|-2.86|2,597
6009|P&O|0.995|1.000|1.000|+0.005|+0.50|213
7225|PA|0.055|0.055|0.055|0.000|0.00|26,498
7225WB|PA-WB|0.035|0.030|0.035|0.000|0.00|10,900
7052|PADINI|3.790|3.820|3.810|+0.020|+0.53|22,371
7052CV|PADINI-CV|0.005|0.000|0.000|0.000|0.00|0
7052CW|PADINI-CW|0.010|0.000|0.000|0.000|0.00|0
7052CX|PADINI-CX|0.150|0.135|0.135|-0.015|-10.00|6,000
7052CY|PADINI-CY|0.095|0.100|0.095|0.000|0.00|6,871
7052CZ|PADINI-CZ|0.125|0.000|0.000|0.000|0.00|0
3719|PANAMY|38.100|38.080|38.100|0.000|0.00|2,163
0041|PANPAGE|0.230|0.230|0.230|0.000|0.00|503
8419|PANSAR|0.835|0.850|0.840|+0.005|+0.60|6,397
8419WA|PANSAR-WA|0.320|0.315|0.315|-0.005|-1.56|8,782
5125|PANTECH|0.565|0.570|0.580|+0.015|+2.65|46,605
5125WA|PANTECH-WA|0.125|0.125|0.135|+0.010|+8.00|5,702
5125WB|PANTECH-WB|0.145|0.145|0.145|0.000|0.00|453
5022|PAOS|0.330|0.000|0.000|0.000|0.00|0
5022WA|PAOS-WA|0.050|0.000|0.000|0.000|0.00|0
9407|PARAGON|0.270|0.270|0.260|-0.010|-3.70|160
1724|PARAMON|2.150|2.150|2.140|-0.010|-0.47|130
5657|PARKSON|0.240|0.240|0.240|0.000|0.00|12,245
0022|PARLO|0.080|0.000|0.000|0.000|0.00|0
6912|PASDEC|0.395|0.400|0.400|+0.005|+1.27|100
6912WA|PASDEC-WA|0.075|0.075|0.075|0.000|0.00|500
0177|PASUKGB|0.055|0.060|0.055|0.000|0.00|17,197
5212|PAVREIT|1.720|1.720|1.740|+0.020|+1.16|143
5041|PBA|1.140|1.130|1.160|+0.020|+1.75|830
1295|PBBANK|25.020|24.940|25.000|-0.020|-0.08|42,184
129526|PBBANK-C26|0.050|0.000|0.000|0.000|0.00|0
129527|PBBANK-C27|0.040|0.000|0.000|0.000|0.00|0
129528|PBBANK-C28|0.105|0.000|0.000|0.000|0.00|0
129529|PBBANK-C29|0.205|0.000|0.000|0.000|0.00|0
129530|PBBANK-C30|0.125|0.000|0.000|0.000|0.00|0
129531|PBBANK-C31|0.180|0.175|0.175|-0.005|-2.78|30,200
6068|PCCS|0.295|0.305|0.300|+0.005|+1.69|38,708
6068WA|PCCS-WA|0.075|0.075|0.070|-0.005|-6.67|16,736
5183|PCHEM|9.270|9.120|9.190|-0.080|-0.86|46,020
518322|PCHEM-C22|0.030|0.000|0.000|0.000|0.00|0
518323|PCHEM-C23|0.015|0.000|0.000|0.000|0.00|0
518324|PCHEM-C24|0.020|0.000|0.000|0.000|0.00|0
518325|PCHEM-C25|0.070|0.050|0.050|-0.020|-28.57|3
518326|PCHEM-C26|0.120|0.000|0.000|0.000|0.00|0
518327|PCHEM-C27|0.135|0.000|0.000|0.000|0.00|0
518328|PCHEM-C28|0.145|0.000|0.000|0.000|0.00|0
518329|PCHEM-C29|0.150|0.150|0.140|-0.010|-6.67|2,600
518330|PCHEM-C30|0.150|0.185|0.180|+0.030|+20.00|52,724
6254|PDZ|0.035|0.030|0.035|0.000|0.00|8,002
6254WB|PDZ-WB|0.010|0.000|0.000|0.000|0.00|0
5622|PEB|0.825|0.830|0.840|+0.015|+1.82|1,652
5271|PECCA|0.960|0.960|1.040|+0.080|+8.33|24,848
5231|PELIKAN|0.370|0.350|0.350|-0.020|-5.41|433
5133|PENERGY|0.905|0.935|1.140|+0.235|+25.97|115,154
9997|PENSONI|0.390|0.365|0.420|+0.030|+7.69|625
9997WB|PENSONI-WB|0.120|0.120|0.130|+0.010|+8.33|410
7160|PENTA|3.380|3.350|3.480|+0.100|+2.96|22,530
7108|PERDANA|0.295|0.295|0.300|+0.005|+1.69|748,508
0047|PERISAI|0.005|0.000|0.000|0.000|0.00|0
7080|PERMAJU|0.405|0.405|0.405|0.000|0.00|92,498
5436|PERSTIM|4.850|4.850|4.850|0.000|0.00|122
8311|PESONA|0.205|0.205|0.210|+0.005|+2.44|15,617
8311WC|PESONA-WC|0.045|0.040|0.045|0.000|0.00|2,425
5219|PESTECH|1.160|1.170|1.150|-0.010|-0.86|524
5219CF|PESTECH-CF|0.005|0.000|0.000|0.000|0.00|0
5681|PETDAG|26.700|26.520|26.200|-0.500|-1.87|4,450
5681CW|PETDAG-CW|0.020|0.000|0.000|0.000|0.00|0
5681CX|PETDAG-CX|0.095|0.085|0.075|-0.020|-21.05|1,106
6033|PETGAS|17.780|17.620|17.740|-0.040|-0.22|3,577
6033CR|PETGAS-CR|0.025|0.000|0.000|0.000|0.00|0
6033CS|PETGAS-CS|0.025|0.000|0.000|0.000|0.00|0
3042|PETRONM|6.610|6.610|6.730|+0.120|+1.82|797
3042CS|PETRONM-CS|0.035|0.000|0.000|0.000|0.00|0
3611|PGLOBE|1.070|1.100|1.100|+0.030|+2.80|10
3611WA|PGLOBE-WA|0.110|0.000|0.000|0.000|0.00|0
7081|PHARMA|2.350|2.340|2.400|+0.050|+2.13|1,313
4464|PHB|0.020|0.020|0.020|0.000|0.00|12,521
7201|PICORP|0.130|0.130|0.135|+0.005|+3.85|10,036
7095|PIE|1.630|1.620|1.660|+0.030|+1.84|4,137
0006|PINEAPP|0.300|0.295|0.260|-0.040|-13.33|150
1902|PINEPAC|0.320|0.320|0.325|+0.005|+1.56|460
0527C2|PINGAN-C2|0.075|0.000|0.000|0.000|0.00|0
0527C3|PINGAN-C3|0.410|0.425|0.430|+0.020|+4.88|6,974
7163|PJBUMI|0.285|0.295|0.290|+0.005|+1.75|101
7163WA|PJBUMI-WA|0.080|0.000|0.000|0.000|0.00|0
0171|PLABS|0.310|0.310|0.325|+0.015|+4.84|25,840
7055|PLB|1.230|1.130|1.130|-0.100|-8.13|60
5075|PLENITU|1.480|1.470|1.470|-0.010|-0.68|150
9695|PLS|1.000|0.980|0.960|-0.040|-4.00|1,000
7172|PMBTECH|3.190|3.170|3.200|+0.010|+0.31|664
7172LA|PMBTECH-LA|3.180|0.000|0.000|0.000|0.00|0
7172WA|PMBTECH-WA|1.450|0.000|0.000|0.000|0.00|0
4081|PMCORP|0.140|0.140|0.140|0.000|0.00|470
8869|PMETAL|4.200|4.140|4.280|+0.080|+1.90|17,456
886915|PMETAL-C15|0.035|0.040|0.040|+0.005|+14.29|169
886916|PMETAL-C16|0.005|0.000|0.000|0.000|0.00|0
886917|PMETAL-C17|0.030|0.000|0.000|0.000|0.00|0
886918|PMETAL-C18|0.120|0.000|0.000|0.000|0.00|0
886919|PMETAL-C19|0.070|0.000|0.000|0.000|0.00|0
886920|PMETAL-C20|0.020|0.000|0.000|0.000|0.00|0
886921|PMETAL-C21|0.040|0.000|0.000|0.000|0.00|0
886922|PMETAL-C22|0.035|0.000|0.000|0.000|0.00|0
886923|PMETAL-C23|0.180|0.000|0.000|0.000|0.00|0
886924|PMETAL-C24|0.070|0.000|0.000|0.000|0.00|0
886925|PMETAL-C25|0.150|0.000|0.000|0.000|0.00|0
8869WC|PMETAL-WC|3.790|3.820|3.900|+0.110|+2.90|1,471
1287|PMHLDG|0.055|0.055|0.060|+0.005|+9.09|23,830
6637|PNEPCB|0.500|0.470|0.495|-0.005|-1.00|85
5080|POHKONG|0.490|0.480|0.480|-0.010|-2.04|390
7088|POHUAT|1.570|1.550|1.570|0.000|0.00|530
7088WB|POHUAT-WB|0.565|0.540|0.550|-0.015|-2.65|454
8117|POLY|0.440|0.435|0.435|-0.005|-1.14|10
03007|POLYMER|0.170|0.000|0.000|0.000|0.00|0
4634|POS|1.890|1.890|1.890|0.000|0.00|17,518
463421|POS-C21|0.005|0.000|0.000|0.000|0.00|0
463422|POS-C22|0.005|0.000|0.000|0.000|0.00|0
463423|POS-C23|0.015|0.005|0.005|-0.010|-66.67|50
463424|POS-C24|0.005|0.000|0.000|0.000|0.00|0
463425|POS-C25|0.005|0.000|0.000|0.000|0.00|0
463426|POS-C26|0.005|0.000|0.000|0.000|0.00|0
463427|POS-C27|0.005|0.005|0.005|0.000|0.00|1
463428|POS-C28|0.010|0.005|0.005|-0.005|-50.00|100
463429|POS-C29|0.040|0.040|0.040|0.000|0.00|3,400
463430|POS-C30|0.055|0.000|0.000|0.000|0.00|0
463431|POS-C31|0.085|0.090|0.085|0.000|0.00|9,117
463432|POS-C32|0.045|0.000|0.000|0.000|0.00|0
463433|POS-C33|0.130|0.135|0.125|-0.005|-3.85|3,198
4065|PPB|18.500|18.320|18.400|-0.100|-0.54|3,485
4065CJ|PPB-CJ|0.125|0.115|0.115|-0.010|-8.00|998
7190|PPG|0.415|0.390|0.420|+0.005|+1.20|15
8273|PPHB|0.555|0.550|0.540|-0.015|-2.70|2,192
5204|PRESBHD|0.395|0.400|0.445|+0.050|+12.66|389,003
9873|PRESTAR|0.570|0.570|0.580|+0.010|+1.75|250
7168|PRG|0.750|0.750|0.750|0.000|0.00|4,883
7168WA|PRG-WA|0.335|0.335|0.340|+0.005|+1.49|707
0123|PRIVA|0.070|0.070|0.070|0.000|0.00|3,981
8346|PRKCORP|0.395|0.000|0.000|0.000|0.00|0
8966|PRLEXUS|0.565|0.575|0.570|+0.005|+0.88|657
8966WA|PRLEXUS-WA|0.090|0.090|0.100|+0.010|+11.11|2,345
5070|PRTASCO|0.245|0.250|0.245|0.000|0.00|24,127
5070WA|PRTASCO-WA|0.055|0.055|0.055|0.000|0.00|1,182
7145|PSIPTEK|0.130|0.125|0.125|-0.005|-3.85|9,916
7145WA|PSIPTEK-WA|0.025|0.025|0.025|0.000|0.00|5,604
9598|PTARAS|2.260|2.400|2.270|+0.010|+0.44|130
0038|PTB|0.140|0.000|0.000|0.000|0.00|0
0186|PTRANS|0.235|0.240|0.235|0.000|0.00|37,644
0186WA|PTRANS-WA|0.060|0.055|0.060|0.000|0.00|3,336
0007|PUC|0.100|0.100|0.100|0.000|0.00|49,033
0007WA|PUC-WA|0.070|0.070|0.065|-0.005|-7.14|2,884
6807|PUNCAK|0.370|0.365|0.370|0.000|0.00|1,251
7134|PWF|0.890|0.000|0.000|0.000|0.00|0
7134WA|PWF-WA|0.390|0.000|0.000|0.000|0.00|0
7123|PWORTH|0.045|0.045|0.040|-0.005|-11.11|61,359
7237|PWROOT|1.450|1.450|1.430|-0.020|-1.38|210
7237WA|PWROOT-WA|0.285|0.285|0.280|-0.005|-1.75|204
0196|QES|0.235|0.235|0.230|-0.005|-2.13|54,106
7084|QL|6.830|6.760|6.820|-0.010|-0.15|6,162
7084CL|QL-CL|0.060|0.000|0.000|0.000|0.00|0
7084CM|QL-CM|0.065|0.060|0.060|-0.005|-7.69|3,404
7084CN|QL-CN|0.090|0.085|0.085|-0.005|-5.56|4
7544|QUALITY|0.815|0.000|0.000|0.000|0.00|0
7498|RALCO|0.280|0.270|0.230|-0.050|-17.86|103
7498WB|RALCO-WB|0.015|0.010|0.010|-0.005|-33.33|100
5272|RANHILL|1.340|1.320|1.330|-0.010|-0.75|1,630
7765|RAPID|5.940|5.820|5.770|-0.170|-2.86|13,685
9296|RCECAP|1.670|1.670|1.670|0.000|0.00|2,194
5256|REACH|0.295|0.290|0.300|+0.005|+1.69|31,883
5256WA|REACH-WA|0.065|0.065|0.065|0.000|0.00|55,881
03002|REDIDEA|0.280|0.000|0.000|0.000|0.00|0
0032|REDTONE|0.215|0.205|0.215|0.000|0.00|2,227
0032LA|REDTONE-LA|0.130|0.000|0.000|0.000|0.00|0
7232|RESINTC|0.325|0.000|0.000|0.000|0.00|0
0173|REV|0.200|0.200|0.200|0.000|0.00|615
0200|REVENUE|1.240|1.230|1.200|-0.040|-3.23|8,252
0200WA|REVENUE-WA|0.435|0.435|0.420|-0.015|-3.45|16,288
9946|REX|0.415|0.405|0.405|-0.010|-2.41|1
0106|REXIT|0.600|0.620|0.610|+0.010|+1.67|325
0037|RGB|0.215|0.220|0.215|0.000|0.00|29,082
9954|RGTBHD|0.190|0.195|0.185|-0.005|-2.63|19,133
9954WB|RGTBHD-WB|0.120|0.120|0.115|-0.005|-4.17|6,341
0202|RGTECH|0.245|0.240|0.240|-0.005|-2.04|8,008
1066|RHBBANK|5.690|5.770|5.750|+0.060|+1.05|67,783
106610|RHBBANKC10|0.090|0.000|0.000|0.000|0.00|0
106611|RHBBANKC11|0.065|0.080|0.070|+0.005|+7.69|2,112
106612|RHBBANKC12|0.100|0.115|0.110|+0.010|+10.00|2,171
106613|RHBBANKC13|0.080|0.090|0.085|+0.005|+6.25|2,162
5278|RHONEMA|0.780|0.000|0.000|0.000|0.00|0
9741|ROHAS|0.550|0.555|0.550|0.000|0.00|5,377
5113|RSAWIT|0.185|0.185|0.185|0.000|0.00|3,331
5270|RSENA|0.505|0.000|0.000|0.000|0.00|0
7803|RUBEREX|0.450|0.450|0.440|-0.010|-2.22|140
2542|RVIEW|3.020|0.000|0.000|0.000|0.00|0
5134|SAB|3.750|0.000|0.000|0.000|0.00|0
8567|SALCON|0.245|0.250|0.255|+0.010|+4.08|23,078
8567WB|SALCON-WB|0.075|0.075|0.075|0.000|0.00|4,974
0183|SALUTE|0.360|0.370|0.370|+0.010|+2.78|6,615
9822|SAM|8.100|8.100|8.010|-0.090|-1.11|68
5147|SAMCHEM|0.630|0.625|0.625|-0.005|-0.79|762
9113|SANBUMI|0.325|0.320|0.325|0.000|0.00|9,100
0541C9|SANDS-C9|0.115|0.000|0.000|0.000|0.00|0
0133|SANICHI|0.060|0.055|0.055|-0.005|-8.33|5,111
0133WC|SANICHI-WC|0.005|0.000|0.000|0.000|0.00|0
0133WD|SANICHI-WD|0.005|0.000|0.000|0.000|0.00|0
0133WE|SANICHI-WE|0.020|0.000|0.000|0.000|0.00|0
7811|SAPIND|0.715|0.750|0.750|+0.035|+4.90|30
5218|SAPNRG|0.315|0.315|0.320|+0.005|+1.59|1,330,935
5218PA|SAPNRG-PA|0.385|0.385|0.385|0.000|0.00|1
5218WA|SAPNRG-WA|0.105|0.100|0.100|-0.005|-4.76|603,182
521868|SAPNRGC68|0.005|0.000|0.000|0.000|0.00|0
521869|SAPNRGC69|0.010|0.000|0.000|0.000|0.00|0
521870|SAPNRGC70|0.055|0.055|0.055|0.000|0.00|1,000
521871|SAPNRGC71|0.005|0.000|0.000|0.000|0.00|0
521872|SAPNRGC72|0.010|0.005|0.005|-0.005|-50.00|20
521873|SAPNRGC73|0.030|0.030|0.030|0.000|0.00|1,000
521874|SAPNRGC74|0.030|0.000|0.000|0.000|0.00|0
521875|SAPNRGC75|0.085|0.080|0.080|-0.005|-5.88|21,500
4596|SAPRES|0.650|0.650|0.650|0.000|0.00|100
5252|SASBADI|0.220|0.225|0.225|+0.005|+2.27|30,079
5157|SAUDEE|0.300|0.310|0.310|+0.010|+3.33|332
5157WA|SAUDEE-WA|0.115|0.000|0.000|0.000|0.00|0
2569|SBAGAN|3.000|0.000|0.000|0.000|0.00|0
5207|SBCCORP|0.510|0.510|0.510|0.000|0.00|30
5170|SCABLE|0.250|0.255|0.260|+0.010|+4.00|8,357
0109|SCBUILD|0.025|0.020|0.020|-0.005|-20.00|140
0109WB|SCBUILD-WB|0.005|0.000|0.000|0.000|0.00|0
0158|SCC|0.510|0.510|0.505|-0.005|-0.98|400
7247|SCGM|1.180|1.180|1.180|0.000|0.00|2,306
7247WA|SCGM-WA|0.090|0.080|0.080|-0.010|-11.11|147
0161|SCH|0.135|0.135|0.135|0.000|0.00|900
0161WA|SCH-WA|0.040|0.040|0.040|0.000|0.00|200
9237|SCIB|0.470|0.465|0.470|0.000|0.00|780
0099|SCICOM|1.290|1.290|1.250|-0.040|-3.10|384
4731|SCIENTX|8.760|8.640|8.720|-0.040|-0.46|760
4731CF|SCIENTX-CF|0.085|0.085|0.075|-0.010|-11.76|4
7239|SCNWOLF|0.180|0.170|0.170|-0.010|-5.56|35
7158|SCOMI|0.045|0.045|0.040|-0.005|-11.11|41,016
7158WB|SCOMI-WB|0.010|0.010|0.010|0.000|0.00|475
7045|SCOMIES|0.055|0.050|0.050|-0.005|-9.09|5,801
0001|SCOMNET|0.750|0.750|0.725|-0.025|-3.33|14,388
0028|SCOPE|0.160|0.160|0.160|0.000|0.00|502
0028WA|SCOPE-WA|0.030|0.000|0.000|0.000|0.00|0
2224|SDRED|0.660|0.665|0.665|+0.005|+0.76|230
7073|SEACERA|0.340|0.340|0.340|0.000|0.00|314,139
7073WB|SEACERA-WB|0.005|0.005|0.005|0.000|0.00|490
7073WC|SEACERA-WC|0.035|0.040|0.035|0.000|0.00|39,680
4286|SEAL|0.340|0.000|0.000|0.000|0.00|0
5145|SEALINK|0.120|0.125|0.125|+0.005|+4.17|1,135
5163|SEB|0.300|0.300|0.300|0.000|0.00|50
0178|SEDANIA|0.120|0.110|0.115|-0.005|-4.17|399
7053|SEEHUP|0.920|0.000|0.000|0.000|0.00|0
03009|SEERS|0.100|0.000|0.000|0.000|0.00|0
9792|SEG|0.640|0.000|0.000|0.000|0.00|0
5250|SEM|1.450|1.450|1.450|0.000|0.00|1,108
5205|SENDAI|0.585|0.580|0.575|-0.010|-1.71|53,031
5279|SERBADK|3.920|3.920|3.900|-0.020|-0.51|31,525
5279CN|SERBADK-CN|0.030|0.000|0.000|0.000|0.00|0
5279CO|SERBADK-CO|0.025|0.020|0.020|-0.005|-20.00|700
5279CP|SERBADK-CP|0.090|0.000|0.000|0.000|0.00|0
5279CQ|SERBADK-CQ|0.175|0.000|0.000|0.000|0.00|0
5279CR|SERBADK-CR|0.165|0.000|0.000|0.000|0.00|0
5279CS|SERBADK-CS|0.150|0.000|0.000|0.000|0.00|0
7180|SERNKOU|0.540|0.530|0.555|+0.015|+2.78|1,290
7180WA|SERNKOU-WA|0.250|0.000|0.000|0.000|0.00|0
0055|SERSOL|0.105|0.095|0.105|0.000|0.00|121
0055WA|SERSOL-WA|0.045|0.000|0.000|0.000|0.00|0
7165|SGB|0.730|0.000|0.000|0.000|0.00|0
7165PA|SGB-PA|0.210|0.000|0.000|0.000|0.00|0
7165WA|SGB-WA|0.170|0.000|0.000|0.000|0.00|0
5517|SHANG|5.600|5.550|5.590|-0.010|-0.18|1,072
4316|SHCHAN|0.440|0.000|0.000|0.000|0.00|0
7412|SHH|0.500|0.000|0.000|0.000|0.00|0
6017|SHL|2.400|2.350|2.360|-0.040|-1.67|51
5181|SIGGAS|0.840|0.840|0.840|0.000|0.00|300
7246|SIGN|0.385|0.365|0.375|-0.010|-2.60|601
7246WA|SIGN-WA|0.070|0.000|0.000|0.000|0.00|0
4197|SIME|2.180|2.170|2.140|-0.040|-1.83|88,859
419725|SIME-C25|0.030|0.000|0.000|0.000|0.00|0
419727|SIME-C27|0.005|0.000|0.000|0.000|0.00|0
419728|SIME-C28|0.015|0.000|0.000|0.000|0.00|0
419729|SIME-C29|0.040|0.000|0.000|0.000|0.00|0
419730|SIME-C30|0.040|0.035|0.035|-0.005|-12.50|7,500
419731|SIME-C31|0.040|0.000|0.000|0.000|0.00|0
419732|SIME-C32|0.115|0.000|0.000|0.000|0.00|0
5285|SIMEPLT|5.110|5.050|5.110|0.000|0.00|22,020
5285CH|SIMEPLT-CH|0.030|0.000|0.000|0.000|0.00|0
5285CI|SIMEPLT-CI|0.040|0.045|0.045|+0.005|+12.50|4
5285CJ|SIMEPLT-CJ|0.100|0.100|0.100|0.000|0.00|20,000
5288|SIMEPROP|1.000|0.990|0.995|-0.005|-0.50|44,565
5288CG|SIMEPROP-CG|0.020|0.000|0.000|0.000|0.00|0
5288CH|SIMEPROP-CH|0.050|0.000|0.000|0.000|0.00|0
5288CI|SIMEPROP-CI|0.005|0.000|0.000|0.000|0.00|0
5288CJ|SIMEPROP-CJ|0.020|0.000|0.000|0.000|0.00|0
5288CK|SIMEPROP-CK|0.075|0.000|0.000|0.000|0.00|0
5288CL|SIMEPROP-CL|0.055|0.000|0.000|0.000|0.00|0
8532|SINOTOP|0.295|0.280|0.280|-0.015|-5.08|70
9431|SJC|0.610|0.000|0.000|0.000|0.00|0
7115|SKBSHUT|0.550|0.000|0.000|0.000|0.00|0
7155|SKPRES|1.330|1.330|1.330|0.000|0.00|56,320
7155CN|SKPRES-CN|0.040|0.000|0.000|0.000|0.00|0
7155CO|SKPRES-CO|0.055|0.055|0.055|0.000|0.00|21,000
7155CP|SKPRES-CP|0.060|0.065|0.065|+0.005|+8.33|2,000
03008|SLIC|0.420|0.000|0.000|0.000|0.00|0
7248|SLP|1.280|1.270|1.280|0.000|0.00|1,022
9776|SMCAP|0.170|0.170|0.165|-0.005|-2.94|9,337
9776WC|SMCAP-WC|0.080|0.085|0.080|0.000|0.00|231
0203|SMETRIC|0.500|0.485|0.485|-0.015|-3.00|10,157
4375|SMI|0.170|0.165|0.170|0.000|0.00|125
7132|SMISCOR|0.480|0.430|0.460|-0.020|-4.17|31
0117|SMRT|0.125|0.120|0.120|-0.005|-4.00|1,737
0169|SMTRACK|0.070|0.070|0.070|0.000|0.00|6,116
7943|SNC|0.280|0.275|0.250|-0.030|-10.71|2,230
5213|SNTORIA|0.435|0.440|0.405|-0.030|-6.90|1,675
5213WA|SNTORIA-WA|0.010|0.005|0.005|-0.005|-50.00|330
5213WB|SNTORIA-WB|0.055|0.000|0.000|0.000|0.00|0
5242|SOLID|0.295|0.300|0.300|+0.005|+1.69|50
5242WA|SOLID-WA|0.090|0.000|0.000|0.000|0.00|0
0093|SOLUTN|0.090|0.095|0.100|+0.010|+11.11|3,829
0093WA|SOLUTN-WA|0.035|0.000|0.000|0.000|0.00|0
5126|SOP|2.560|2.560|2.540|-0.020|-0.78|610
0656CF|SP500-CF|0.090|0.000|0.000|0.000|0.00|0
0656CG|SP500-CG|0.855|0.905|0.900|+0.045|+5.26|486
0656CH|SP500-CH|1.440|0.000|0.000|0.000|0.00|0
0656HF|SP500-HF|0.015|0.010|0.005|-0.010|-66.67|970
0656HG|SP500-HG|0.250|0.225|0.230|-0.020|-8.00|4,603
0656HH|SP500-HH|0.350|0.320|0.325|-0.025|-7.14|310
1783|SPB|6.230|6.230|6.230|0.000|0.00|3,356
7103|SPRITZER|2.190|0.000|0.000|0.000|0.00|0
8664|SPSETIA|2.210|2.170|2.210|0.000|0.00|4,746
866410|SPSETIA-C10|0.010|0.000|0.000|0.000|0.00|0
866411|SPSETIA-C11|0.070|0.070|0.070|0.000|0.00|221
866412|SPSETIA-C12|0.105|0.000|0.000|0.000|0.00|0
866413|SPSETIA-C13|0.080|0.000|0.000|0.000|0.00|0
866414|SPSETIA-C14|0.115|0.000|0.000|0.000|0.00|0
866415|SPSETIA-C15|0.150|0.000|0.000|0.000|0.00|0
8664C9|SPSETIA-C9|0.005|0.000|0.000|0.000|0.00|0
8664PA|SPSETIA-PA|0.900|0.940|0.900|0.000|0.00|95
8664PB|SPSETIA-PB|0.780|0.775|0.775|-0.005|-0.64|88
0129|SRIDGE|0.255|0.250|0.245|-0.010|-3.92|14,254
0129WA|SRIDGE-WA|0.080|0.080|0.080|0.000|0.00|1,500
5665|SSTEEL|0.795|0.790|0.775|-0.020|-2.52|4,315
5665LB|SSTEEL-LB|0.760|0.000|0.000|0.000|0.00|0
6084|STAR|0.780|0.795|0.785|+0.005|+0.64|1,863
0140|STERPRO|0.195|0.180|0.180|-0.015|-7.69|800
0140WA|STERPRO-WA|0.030|0.000|0.000|0.000|0.00|0
7143|STONE|0.100|0.115|0.100|0.000|0.00|510
7143WA|STONE-WA|0.010|0.000|0.000|0.000|0.00|0
0080|STRAITS|0.255|0.255|0.250|-0.005|-1.96|55,912
0080WA|STRAITS-WA|0.130|0.130|0.125|-0.005|-3.85|14,255
6904|SUBUR|0.510|0.000|0.000|0.000|0.00|0
7207|SUCCESS|0.695|0.705|0.695|0.000|0.00|11,449
9865|SUIWAH|2.660|2.670|2.670|+0.010|+0.38|75
1201|SUMATEC|0.005|0.005|0.005|0.000|0.00|27,681
1201WA|SUMATEC-WA|0.005|0.005|0.005|0.000|0.00|1,000
5263|SUNCON|1.760|1.750|1.750|-0.010|-0.57|10,557
5263CT|SUNCON-CT|0.005|0.000|0.000|0.000|0.00|0
5263CU|SUNCON-CU|0.055|0.000|0.000|0.000|0.00|0
5263CV|SUNCON-CV|0.030|0.000|0.000|0.000|0.00|0
5176|SUNREIT|1.750|1.750|1.760|+0.010|+0.57|1,704
3743|SUNSURIA|0.635|0.000|0.000|0.000|0.00|0
3743WA|SUNSURIA-WA|0.050|0.000|0.000|0.000|0.00|0
5211|SUNWAY|1.650|1.660|1.650|0.000|0.00|14,712
5211CR|SUNWAY-CR|0.035|0.000|0.000|0.000|0.00|0
5211CS|SUNWAY-CS|0.035|0.000|0.000|0.000|0.00|0
5211WB|SUNWAY-WB|0.290|0.280|0.285|-0.005|-1.72|5,675
0148|SUNZEN|0.165|0.165|0.170|+0.005|+3.03|5,900
0148WA|SUNZEN-WA|0.060|0.000|0.000|0.000|0.00|0
0148WB|SUNZEN-WB|0.030|0.030|0.030|0.000|0.00|537
7235|SUPERLN|1.320|1.330|1.350|+0.030|+2.27|4,283
7106|SUPERMX|1.570|1.570|1.540|-0.030|-1.91|41,878
710648|SUPERMX-C48|0.005|0.000|0.000|0.000|0.00|0
710650|SUPERMX-C50|0.005|0.000|0.000|0.000|0.00|0
710651|SUPERMX-C51|0.005|0.000|0.000|0.000|0.00|0
710652|SUPERMX-C52|0.035|0.025|0.030|-0.005|-14.29|200
710653|SUPERMX-C53|0.005|0.005|0.005|0.000|0.00|1,400
710654|SUPERMX-C54|0.095|0.000|0.000|0.000|0.00|0
710655|SUPERMX-C55|0.050|0.050|0.050|0.000|0.00|1,600
710656|SUPERMX-C56|0.115|0.115|0.115|0.000|0.00|12,650
710657|SUPERMX-C57|0.105|0.105|0.100|-0.005|-4.76|3,562
710658|SUPERMX-C58|0.075|0.070|0.065|-0.010|-13.33|950
710659|SUPERMX-C59|0.095|0.095|0.095|0.000|0.00|1,330
710660|SUPERMX-C60|0.050|0.050|0.045|-0.005|-10.00|28,750
710661|SUPERMX-C61|0.045|0.000|0.000|0.000|0.00|0
710662|SUPERMX-C62|0.080|0.080|0.075|-0.005|-6.25|13,750
710663|SUPERMX-C63|0.070|0.070|0.070|0.000|0.00|1,000
710664|SUPERMX-C64|0.150|0.000|0.000|0.000|0.00|0
710665|SUPERMX-C65|0.150|0.115|0.110|-0.040|-26.67|22,140
03018|SUPREME|0.680|0.000|0.000|0.000|0.00|0
6521|SURIA|1.410|1.410|1.390|-0.020|-1.42|231
5135|SWKPLNT|1.560|1.560|1.540|-0.020|-1.28|141
7186|SWSCAP|0.700|0.660|0.670|-0.030|-4.29|464
7186WB|SWSCAP-WB|0.060|0.055|0.070|+0.010|+16.67|350
9717|SYCAL|0.225|0.230|0.235|+0.010|+4.44|50
7082|SYF|0.220|0.220|0.220|0.000|0.00|1,840
7082WB|SYF-WB|0.010|0.000|0.000|0.000|0.00|0
1538|SYMLIFE|0.395|0.390|0.395|0.000|0.00|1,831
1538WB|SYMLIFE-WB|0.030|0.030|0.030|0.000|0.00|1,560
5173|SYSCORP|0.295|0.285|0.300|+0.005|+1.69|2,530
0050|SYSTECH|0.220|0.230|0.240|+0.020|+9.09|8,843
7228|T7GLOBAL|0.470|0.480|0.520|+0.050|+10.64|192,352
4898|TA|0.635|0.630|0.630|-0.005|-0.79|5,355
5012|TAANN|2.460|2.460|2.450|-0.010|-0.41|371
5012CM|TAANN-CM|0.080|0.000|0.000|0.000|0.00|0
4022|TADMAX|0.235|0.235|0.235|0.000|0.00|6,500
7211|TAFI|0.325|0.000|0.000|0.000|0.00|0
5158|TAGB|0.260|0.250|0.260|0.000|0.00|1,427
6139|TAKAFUL|4.400|4.400|4.390|-0.010|-0.23|15,958
6139CC|TAKAFUL-CC|0.050|0.055|0.060|+0.010|+20.00|4
2259|TALAMT|0.030|0.035|0.030|0.000|0.00|12,287
8524|TALIWRK|0.860|0.860|0.860|0.000|0.00|3,930
5191|TAMBUN|0.765|0.765|0.770|+0.005|+0.65|2,355
2429|TANCO|0.055|0.055|0.055|0.000|0.00|51,307
2429WB|TANCO-WB|0.025|0.025|0.025|0.000|0.00|3,914
5149|TAS|0.260|0.280|0.275|+0.015|+5.77|1,635
5140|TASCO|1.330|1.330|1.350|+0.020|+1.50|415
4448|TASEK|4.700|4.700|4.700|0.000|0.00|10
4448P|TASEK-PA|10.100|0.000|0.000|0.000|0.00|0
7097|TAWIN|0.460|0.450|0.465|+0.005|+1.09|1,648
4405|TCHONG|1.670|1.690|1.620|-0.050|-2.99|147
0132|TDEX|0.080|0.075|0.080|0.000|0.00|2,000
2054|TDM|0.175|0.175|0.175|0.000|0.00|31,497
0084|TECFAST|0.330|0.325|0.330|0.000|0.00|11,404
7439|TECGUAN|0.775|0.000|0.000|0.000|0.00|0
5289|TECHBND|0.735|0.755|0.800|+0.065|+8.84|18,648
7200|TEKSENG|0.250|0.240|0.245|-0.005|-2.00|1,795
7200WA|TEKSENG-WA|0.070|0.065|0.065|-0.005|-7.14|1,100
5347|TENAGA|13.080|12.960|12.960|-0.120|-0.92|42,102
534747|TENAGA-C47|0.050|0.000|0.000|0.000|0.00|0
534749|TENAGA-C49|0.010|0.000|0.000|0.000|0.00|0
534750|TENAGA-C50|0.060|0.055|0.050|-0.010|-16.67|9,500
534751|TENAGA-C51|0.045|0.045|0.050|+0.005|+11.11|4,653
534752|TENAGA-C52|0.040|0.000|0.000|0.000|0.00|0
534753|TENAGA-C53|0.065|0.065|0.065|0.000|0.00|15
534754|TENAGA-C54|0.150|0.125|0.125|-0.025|-16.67|9,000
0546C7|TENCENT-C7|0.155|0.170|0.170|+0.015|+9.68|1,120
7252|TEOSENG|1.310|1.300|1.300|-0.010|-0.76|2,832
7252WA|TEOSENG-WA|0.320|0.315|0.315|-0.005|-1.56|450
8702|TEXCHEM|0.595|0.620|0.595|0.000|0.00|106
0089|TEXCYCL|0.550|0.550|0.555|+0.005|+0.91|377
0145|TFP|0.100|0.095|0.095|-0.005|-5.00|200
9369|TGL|0.960|0.950|0.950|-0.010|-1.04|35
7034|TGUAN|2.630|2.670|2.690|+0.060|+2.28|5,362
7034LA|TGUAN-LA|2.250|0.000|0.000|0.000|0.00|0
7034WA|TGUAN-WA|1.080|1.100|1.160|+0.080|+7.41|695
9075|THETA|0.405|0.405|0.420|+0.015|+3.70|4,243
7206|THHEAVY|0.055|0.055|0.050|-0.005|-9.09|8,320
7206PB|THHEAVY-PB|0.015|0.000|0.000|0.000|0.00|0
5112|THPLANT|0.510|0.510|0.510|0.000|0.00|910
7889|THRIVEN|0.215|0.205|0.210|-0.005|-2.33|8,422
7889WB|THRIVEN-WB|0.070|0.065|0.060|-0.010|-14.29|3,074
7374|TIENWAH|1.180|1.230|1.260|+0.080|+6.78|150
7079|TIGER|0.075|0.075|0.080|+0.005|+6.67|31,795
7079WC|TIGER-WC|0.020|0.000|0.000|0.000|0.00|0
5031|TIMECOM|8.200|8.200|8.540|+0.340|+4.15|10,187
7854|TIMWELL|0.685|0.500|0.680|-0.005|-0.73|224
5239|TITIJYA|0.315|0.320|0.320|+0.005|+1.59|7,664
5239PA|TITIJYA-PA|0.035|0.000|0.000|0.000|0.00|0
4863|TM|3.030|2.990|3.090|+0.060|+1.98|44,904
486327|TM-C27|0.005|0.000|0.000|0.000|0.00|0
486328|TM-C28|0.005|0.000|0.000|0.000|0.00|0
486329|TM-C29|0.005|0.000|0.000|0.000|0.00|0
486330|TM-C30|0.045|0.000|0.000|0.000|0.00|0
486331|TM-C31|0.040|0.000|0.000|0.000|0.00|0
486332|TM-C32|0.015|0.000|0.000|0.000|0.00|0
486333|TM-C33|0.065|0.000|0.000|0.000|0.00|0
486334|TM-C34|0.075|0.000|0.000|0.000|0.00|0
486335|TM-C35|0.100|0.110|0.115|+0.015|+15.00|7,500
486336|TM-C36|0.205|0.000|0.000|0.000|0.00|0
486337|TM-C37|0.320|0.345|0.345|+0.025|+7.81|1,500
486338|TM-C38|0.170|0.000|0.000|0.000|0.00|0
486339|TM-C39|0.205|0.210|0.225|+0.020|+9.76|5,400
486340|TM-C40|0.150|0.000|0.000|0.000|0.00|0
0101|TMCLIFE|0.725|0.730|0.720|-0.005|-0.69|1,390
0101WB|TMCLIFE-WB|0.020|0.015|0.015|-0.005|-25.00|6,700
8397|TNLOGIS|0.625|0.640|0.620|-0.005|-0.80|4,556
7218|TOCEAN|0.755|0.755|0.755|0.000|0.00|132
7230|TOMEI|0.520|0.520|0.590|+0.070|+13.46|506
7285|TOMYPAK|0.565|0.560|0.525|-0.040|-7.08|9,647
7285WA|TOMYPAK-WA|0.200|0.180|0.185|-0.015|-7.50|2,705
5010|TONGHER|3.600|3.600|3.650|+0.050|+1.39|596
7113|TOPGLOV|4.640|4.600|4.600|-0.040|-0.86|47,266
711333|TOPGLOV-C33|0.005|0.000|0.000|0.000|0.00|0
711340|TOPGLOV-C40|0.010|0.000|0.000|0.000|0.00|0
711341|TOPGLOV-C41|0.020|0.015|0.015|-0.005|-25.00|1,570
711342|TOPGLOV-C42|0.040|0.035|0.035|-0.005|-12.50|2,431
711343|TOPGLOV-C43|0.050|0.045|0.045|-0.005|-10.00|24,600
711344|TOPGLOV-C44|0.045|0.040|0.040|-0.005|-11.11|1,430
711345|TOPGLOV-C45|0.100|0.100|0.100|0.000|0.00|7,020
711346|TOPGLOV-C46|0.095|0.095|0.095|0.000|0.00|31,400
711347|TOPGLOV-C47|0.115|0.115|0.115|0.000|0.00|12,220
711348|TOPGLOV-C48|0.085|0.085|0.085|0.000|0.00|801
711349|TOPGLOV-C49|0.160|0.155|0.155|-0.005|-3.13|42,220
711350|TOPGLOV-C50|0.150|0.115|0.115|-0.035|-23.33|200
03013|TOPVISN|0.380|0.000|0.000|0.000|0.00|0
7173|TOYOINK|0.635|0.620|0.630|-0.005|-0.79|367
7173WB|TOYOINK-WB|0.095|0.095|0.095|0.000|0.00|1,117
7176|TPC|0.455|0.455|0.455|0.000|0.00|103
7176WA|TPC-WA|0.230|0.230|0.225|-0.005|-2.17|870
5054|TRC|0.525|0.525|0.530|+0.005|+0.95|28,428
0199|TRIMODE|0.445|0.450|0.455|+0.010|+2.25|1,186
0118|TRIVE|0.015|0.015|0.020|+0.005|+33.33|5,623
0118WB|TRIVE-WB|0.005|0.005|0.005|0.000|0.00|3,520
5401|TROP|0.875|0.875|0.860|-0.015|-1.71|1,150
5401WA|TROP-WA|0.025|0.030|0.030|+0.005|+20.00|1,500
9059|TSH|1.100|1.050|1.100|0.000|0.00|518
5042|TSRCAP|0.450|0.000|0.000|0.000|0.00|0
5042WB|TSRCAP-WB|0.035|0.000|0.000|0.000|0.00|0
5230|TUNEPRO|0.650|0.655|0.655|+0.005|+0.77|6,654
5167|TURBO|0.740|0.760|0.750|+0.010|+1.35|761
4359|TURIYA|0.120|0.125|0.125|+0.005|+4.17|70
5111|TWRREIT|0.900|0.000|0.000|0.000|0.00|0
7100|UCHITEC|2.730|2.730|2.780|+0.050|+1.83|2,411
7100CD|UCHITEC-CD|0.080|0.000|0.000|0.000|0.00|0
7100CE|UCHITEC-CE|0.025|0.000|0.000|0.000|0.00|0
0005|UCREST|0.255|0.260|0.260|+0.005|+1.96|88,432
5148|UEMS|0.820|0.820|0.835|+0.015|+1.83|10,042
514864|UEMS-C64|0.040|0.000|0.000|0.000|0.00|0
514865|UEMS-C65|0.080|0.075|0.080|0.000|0.00|500
514866|UEMS-C66|0.070|0.000|0.000|0.000|0.00|0
7133|ULICORP|0.430|0.435|0.440|+0.010|+2.33|7,842
2593|UMCCA|5.550|5.500|5.500|-0.050|-0.90|40
7137|UMS|2.480|2.470|2.510|+0.030|+1.21|150
7227|UMSNGB|1.050|1.080|1.030|-0.020|-1.90|169
4588|UMW|5.860|5.860|5.750|-0.110|-1.88|20,454
458810|UMW-C10|0.005|0.000|0.000|0.000|0.00|0
458811|UMW-C11|0.045|0.000|0.000|0.000|0.00|0
458812|UMW-C12|0.240|0.000|0.000|0.000|0.00|0
458813|UMW-C13|0.215|0.220|0.205|-0.010|-4.65|8
458814|UMW-C14|0.210|0.195|0.195|-0.015|-7.14|1,222
458815|UMW-C15|0.220|0.205|0.205|-0.015|-6.82|1,500
458816|UMW-C16|0.125|0.000|0.000|0.000|0.00|0
458817|UMW-C17|0.125|0.120|0.115|-0.010|-8.00|1,400
4588C9|UMW-C9|0.025|0.000|0.000|0.000|0.00|0
7091|UNIMECH|1.010|1.030|1.030|+0.020|+1.98|2,857
5005|UNISEM|2.800|2.820|2.800|0.000|0.00|387
500511|UNISEM-C11|0.220|0.000|0.000|0.000|0.00|0
500512|UNISEM-C12|0.060|0.000|0.000|0.000|0.00|0
500513|UNISEM-C13|0.065|0.000|0.000|0.000|0.00|0
500514|UNISEM-C14|0.045|0.000|0.000|0.000|0.00|0
500515|UNISEM-C15|0.075|0.000|0.000|0.000|0.00|0
03017|UNIWALL|0.280|0.300|0.300|+0.020|+7.14|100
5200|UOADEV|2.250|2.250|2.230|-0.020|-0.89|458
5110|UOAREIT|1.350|1.370|1.350|0.000|0.00|168
7757|UPA|2.160|2.180|2.190|+0.030|+1.39|35
2089|UTDPLT|27.420|27.500|27.480|+0.060|+0.22|20
5754|UTUSAN|0.175|0.155|0.165|-0.010|-5.71|649
7250|UZMA|0.910|0.915|0.935|+0.025|+2.75|26,808
0060|VC|0.130|0.130|0.130|0.000|0.00|2,157
5243|VELESTO|0.245|0.245|0.245|0.000|0.00|248,989
524324|VELESTO-C24|0.215|0.000|0.000|0.000|0.00|0
524325|VELESTO-C25|0.020|0.000|0.000|0.000|0.00|0
524326|VELESTO-C26|0.060|0.000|0.000|0.000|0.00|0
524327|VELESTO-C27|0.075|0.075|0.075|0.000|0.00|1,000
5243WA|VELESTO-WA|0.090|0.085|0.090|0.000|0.00|9,173
4995|VERSATL|0.425|0.485|0.485|+0.060|+14.12|10
7240|VERTICE|0.890|0.000|0.000|0.000|0.00|0
7240WA|VERTICE-WA|0.515|0.475|0.500|-0.015|-2.91|51
0120|VIS|0.520|0.525|0.525|+0.005|+0.96|26,820
0120WB|VIS-WB|0.200|0.200|0.200|0.000|0.00|4,870
0097|VITROX|7.020|7.020|7.170|+0.150|+2.14|6,668
0097CL|VITROX-CL|0.045|0.000|0.000|0.000|0.00|0
0097CM|VITROX-CM|0.050|0.065|0.065|+0.015|+30.00|10
0069|VIVOCOM|0.020|0.020|0.020|0.000|0.00|146,198
0069WC|VIVOCOM-WC|0.005|0.000|0.000|0.000|0.00|0
0069WD|VIVOCOM-WD|0.005|0.000|0.000|0.000|0.00|0
0069WE|VIVOCOM-WE|0.010|0.005|0.005|-0.005|-50.00|1
7070|VIZIONE|0.995|0.995|0.985|-0.010|-1.01|4,076
7070LA|VIZIONE-LA|0.070|0.000|0.000|0.000|0.00|0
7070WC|VIZIONE-WC|0.420|0.420|0.420|0.000|0.00|300
6963|VS|1.090|1.090|1.030|-0.060|-5.50|643,910
696310|VS-C10|0.130|0.135|0.115|-0.015|-11.54|124,519
696311|VS-C11|0.205|0.000|0.000|0.000|0.00|0
696312|VS-C12|0.100|0.100|0.095|-0.005|-5.00|26,000
696313|VS-C13|0.120|0.125|0.115|-0.005|-4.17|40,300
6963C5|VS-C5|0.010|0.000|0.000|0.000|0.00|0
6963C6|VS-C6|0.005|0.000|0.000|0.000|0.00|0
6963C7|VS-C7|0.005|0.000|0.000|0.000|0.00|0
6963C8|VS-C8|0.200|0.200|0.185|-0.015|-7.50|61,320
6963C9|VS-C9|0.165|0.165|0.155|-0.010|-6.06|45,205
0066|VSOLAR|0.195|0.190|0.195|0.000|0.00|142,776
5162|VSTECS|0.970|1.000|0.995|+0.025|+2.58|460
7203|WANGZNG|1.200|0.000|0.000|0.000|0.00|0
5016|WARISAN|2.180|2.130|2.300|+0.120|+5.50|10
5142|WASEONG|0.780|0.785|0.785|+0.005|+0.64|10,132
7226|WATTA|0.845|0.850|0.840|-0.005|-0.59|110
3565|WCEHB|0.510|0.515|0.510|0.000|0.00|1,537
9679|WCT|0.815|0.820|0.820|+0.005|+0.61|11,129
967914|WCT-C14|0.010|0.000|0.000|0.000|0.00|0
967915|WCT-C15|0.015|0.000|0.000|0.000|0.00|0
967916|WCT-C16|0.050|0.050|0.050|0.000|0.00|150
9679WE|WCT-WE|0.075|0.075|0.075|0.000|0.00|8,514
0197|WEGMANS|0.320|0.320|0.325|+0.005|+1.56|9,239
0197WA|WEGMANS-WA|0.140|0.145|0.150|+0.010|+7.14|12,666
7231|WELLCAL|1.300|1.300|1.270|-0.030|-2.31|536
0162|WIDAD|0.330|0.330|0.340|+0.010|+3.03|76,645
0162WA|WIDAD-WA|0.125|0.120|0.125|0.000|0.00|13,196
7692|WIDETEC|0.565|0.000|0.000|0.000|0.00|0
0008|WILLOW|0.460|0.455|0.455|-0.005|-1.09|1,979
0141|WINTONI|0.035|0.000|0.000|0.000|0.00|0
6378|WMG|0.115|0.115|0.120|+0.005|+4.35|2,152
7050|WONG|0.625|0.000|0.000|0.000|0.00|0
7025|WOODLAN|0.750|0.000|0.000|0.000|0.00|0
5246|WPRTS|3.640|3.630|3.800|+0.160|+4.40|5,653
5246CX|WPRTS-CX|0.050|0.000|0.000|0.000|0.00|0
5246CY|WPRTS-CY|0.145|0.145|0.150|+0.005|+3.45|8
5009|WTHORSE|1.320|1.250|1.280|-0.040|-3.03|227
4243|WTK|0.515|0.515|0.520|+0.005|+0.97|7,299
7245|WZSATU|0.340|0.340|0.335|-0.005|-1.47|17,260
7245WA|WZSATU-WA|0.120|0.120|0.120|0.000|0.00|1,300
5156|XDL|0.110|0.110|0.110|0.000|0.00|112,598
5156WD|XDL-WD|0.020|0.020|0.020|0.000|0.00|15,000
7121|XIANLNG|0.460|0.000|0.000|0.000|0.00|0
0581C1|XIAOMI-C1|0.025|0.000|0.000|0.000|0.00|0
0581C2|XIAOMI-C2|0.210|0.210|0.210|0.000|0.00|3,568
0095|XINGHE|0.035|0.030|0.030|-0.005|-14.29|370,260
0095WA|XINGHE-WA|0.005|0.000|0.000|0.000|0.00|0
5267|XINHWA|0.840|0.820|0.840|0.000|0.00|3,759
5155|XINQUAN|0.055|0.000|0.000|0.000|0.00|0
5155WA|XINQUAN-WA|0.005|0.000|0.000|0.000|0.00|0
5155WB|XINQUAN-WB|0.015|0.000|0.000|0.000|0.00|0
0165|XOX|0.050|0.050|0.050|0.000|0.00|5,310
7003|Y&G|0.910|0.000|0.000|0.000|0.00|0
7003WA|Y&G-WA|0.100|0.000|0.000|0.000|0.00|0
0025|YBS|0.145|0.000|0.000|0.000|0.00|0
5584|YEELEE|1.850|1.850|1.850|0.000|0.00|110
7122|YFG|0.005|0.000|0.000|0.000|0.00|0
0086|YGL|0.115|0.000|0.000|0.000|0.00|0
5048|YILAI|0.600|0.600|0.610|+0.010|+1.67|350
7293|YINSON|4.450|4.450|4.450|0.000|0.00|15,338
7293CT|YINSON-CT|0.030|0.000|0.000|0.000|0.00|0
7293CU|YINSON-CU|0.075|0.000|0.000|0.000|0.00|0
7293CV|YINSON-CV|0.055|0.000|0.000|0.000|0.00|0
7020|YKGI|0.105|0.105|0.105|0.000|0.00|1,400
7020WB|YKGI-WB|0.015|0.015|0.015|0.000|0.00|443
7014|YLI|0.240|0.240|0.240|0.000|0.00|2
3158|YNHPROP|1.200|1.180|1.200|0.000|0.00|70,686
5159|YOCB|1.130|1.150|1.190|+0.060|+5.31|10,354
7066|YONGTAI|0.335|0.335|0.335|0.000|0.00|34,140
7066PA|YONGTAI-PA|0.200|0.205|0.200|0.000|0.00|1,022
7066WA|YONGTAI-WA|0.115|0.110|0.105|-0.010|-8.70|4,465
7178|YSPSAH|2.920|2.910|2.900|-0.020|-0.68|212
4677|YTL|1.020|1.030|1.030|+0.010|+0.98|27,294
467722|YTL-C22|0.050|0.000|0.000|0.000|0.00|0
467723|YTL-C23|0.050|0.055|0.055|+0.005|+10.00|50
467724|YTL-C24|0.150|0.000|0.000|0.000|0.00|0
2577|YTLLAND|0.395|0.395|0.400|+0.005|+1.27|800
2577LA|YTLLAND-LA|0.355|0.000|0.000|0.000|0.00|0
6742|YTLPOWR|0.860|0.860|0.860|0.000|0.00|41,876
6742C5|YTLPOWR-C5|0.005|0.000|0.000|0.000|0.00|0
6742C6|YTLPOWR-C6|0.055|0.055|0.055|0.000|0.00|1,200
6742C7|YTLPOWR-C7|0.150|0.000|0.000|0.000|0.00|0
5109|YTLREIT|1.280|1.280|1.280|0.000|0.00|2,302
7028|ZECON|0.230|0.225|0.225|-0.005|-2.17|1,000
2283|ZELAN|0.070|0.075|0.080|+0.010|+14.29|63,220
5131|ZHULIAN|1.360|1.330|1.370|+0.010|+0.74|236
0012|3A|0.840|0.840|0.855|+0.015|+1.79|510
