070322|A50CHIN-C22|0.200|0.210|0.275|+0.075|+37.50|16,679
070324|A50CHIN-C24|0.735|0.800|0.830|+0.095|+12.93|400
070326|A50CHIN-C26|0.460|0.465|0.505|+0.045|+9.78|1,001
070328|A50CHIN-C28|0.240|0.250|0.285|+0.045|+18.75|9,074
070330|A50CHIN-C30|0.315|0.335|0.390|+0.075|+23.81|240,519
070332|A50CHIN-C32|0.725|0.795|0.810|+0.085|+11.72|6
070334|A50CHIN-C34|0.915|0.000|0.000|0.000|0.00|0
070336|A50CHIN-C36|0.515|0.530|0.590|+0.075|+14.56|21,766
070321|A50CHIN-H21|0.050|0.000|0.000|0.000|0.00|0
070323|A50CHIN-H23|0.010|0.005|0.005|-0.005|-50.00|85
070325|A50CHIN-H25|0.035|0.000|0.000|0.000|0.00|0
070327|A50CHIN-H27|0.095|0.090|0.075|-0.020|-21.05|14,959
7054|AASIA|0.145|0.145|0.145|0.000|0.00|255
5238|AAX|0.250|0.250|0.255|+0.005|+2.00|106,742
523820|AAX-C20|0.005|0.000|0.000|0.000|0.00|0
523821|AAX-C21|0.005|0.000|0.000|0.000|0.00|0
5238WA|AAX-WA|0.055|0.055|0.055|0.000|0.00|3,421
0800EA|ABFMY1|1.167|0.000|0.000|0.000|0.00|0
7086|ABLEGRP|0.070|0.070|0.070|0.000|0.00|201
2488|ABMB|3.960|4.050|4.200|+0.240|+6.06|34,998
2488CY|ABMB-CY|0.100|0.000|0.000|0.000|0.00|0
7131|ACME|0.230|0.000|0.000|0.000|0.00|0
7120|ACOSTEC|0.435|0.420|0.430|-0.005|-1.15|18,847
5281|ADVCON|0.335|0.330|0.340|+0.005|+1.49|10,215
7191|ADVENTA|0.365|0.370|0.370|+0.005|+1.37|270
9148|ADVPKG|1.920|1.900|1.900|-0.020|-1.04|100
7146|AEM|0.120|0.115|0.120|0.000|0.00|60
7146WA|AEM-WA|0.010|0.005|0.005|-0.005|-50.00|10,000
0181|AEMULUS|0.245|0.245|0.245|0.000|0.00|16,840
6599|AEON|1.650|1.650|1.600|-0.050|-3.03|7,847
6599CO|AEON-CO|0.060|0.065|0.055|-0.005|-8.33|8,265
6599CP|AEON-CP|0.050|0.000|0.000|0.000|0.00|0
6599CQ|AEON-CQ|0.040|0.035|0.030|-0.010|-25.00|1,520
5139|AEONCR|16.540|16.760|16.700|+0.160|+0.97|1,144
5139LA|AEONCR-LA|1.490|1.550|1.500|+0.010|+0.67|60
5185|AFFIN|2.320|2.300|2.280|-0.040|-1.72|1,384
5198|AFUJIYA|0.530|0.530|0.500|-0.030|-5.66|242
7315|AHB|0.130|0.130|0.135|+0.005|+3.85|808
7315WB|AHB-WB|0.005|0.005|0.005|0.000|0.00|6,897
7090|AHEALTH|8.950|9.200|9.580|+0.630|+7.04|2,196
4952|AHP|0.740|0.740|0.760|+0.020|+2.70|301
0122|AIM|0.280|0.000|0.000|0.000|0.00|0
5099|AIRASIA|2.770|2.770|2.740|-0.030|-1.08|260,159
509959|AIRASIAC59|0.025|0.000|0.000|0.000|0.00|0
509967|AIRASIAC67|0.100|0.100|0.100|0.000|0.00|34,626
509968|AIRASIAC68|0.020|0.005|0.010|-0.010|-50.00|408
509969|AIRASIAC69|0.060|0.030|0.035|-0.025|-41.67|700
509970|AIRASIAC70|0.025|0.015|0.020|-0.005|-20.00|3,743
509971|AIRASIAC71|0.080|0.075|0.085|+0.005|+6.25|9,458
509972|AIRASIAC72|0.195|0.170|0.175|-0.020|-10.26|47,185
509973|AIRASIAC73|0.195|0.190|0.185|-0.010|-5.13|65,015
509974|AIRASIAC74|0.280|0.280|0.280|0.000|0.00|300
509975|AIRASIAC75|0.125|0.125|0.120|-0.005|-4.00|5,620
509976|AIRASIAC76|0.070|0.065|0.070|0.000|0.00|32,764
509977|AIRASIAC77|0.075|0.080|0.075|0.000|0.00|93,874
509978|AIRASIAC78|0.095|0.085|0.090|-0.005|-5.26|13,190
509979|AIRASIAC79|0.050|0.050|0.055|+0.005|+10.00|4,648
509980|AIRASIAC80|0.050|0.045|0.045|-0.005|-10.00|16,786
5014|AIRPORT|8.170|8.180|8.120|-0.050|-0.61|8,671
5014C2|AIRPORT-C2|0.025|0.000|0.000|0.000|0.00|0
5014C3|AIRPORT-C3|0.035|0.000|0.000|0.000|0.00|0
5014C4|AIRPORT-C4|0.070|0.000|0.000|0.000|0.00|0
5014C5|AIRPORT-C5|0.085|0.080|0.080|-0.005|-5.88|400
5014C6|AIRPORT-C6|0.160|0.000|0.000|0.000|0.00|0
5014C7|AIRPORT-C7|0.120|0.000|0.000|0.000|0.00|0
2682|AISB|0.260|0.260|0.260|0.000|0.00|180
2658|AJI|18.640|18.640|18.600|-0.040|-0.21|52
7609|AJIYA|0.535|0.535|0.525|-0.010|-1.87|3,997
7609WA|AJIYA-WA|0.090|0.095|0.095|+0.005|+5.56|350
5115|ALAM|0.095|0.090|0.095|0.000|0.00|53,618
5116|ALAQAR|1.350|1.400|1.370|+0.020|+1.48|436
2674|ALCOM|0.500|0.490|0.490|-0.010|-2.00|162
1163|ALLIANZ|14.280|14.380|14.300|+0.020|+0.14|313
1163PA|ALLIANZ-PA|14.200|14.300|14.300|+0.100|+0.70|10
5269|ALSREIT|0.805|0.805|0.805|0.000|0.00|141
1015|AMBANK|4.470|4.470|4.500|+0.030|+0.67|28,821
101510|AMBANK-C10|0.190|0.000|0.000|0.000|0.00|0
101511|AMBANK-C11|0.180|0.000|0.000|0.000|0.00|0
101512|AMBANK-C12|0.150|0.000|0.000|0.000|0.00|0
101513|AMBANK-C13|0.095|0.095|0.095|0.000|0.00|200
0159|AMEDIA|0.160|0.160|0.165|+0.005|+3.13|1,180
5120|AMFIRST|0.530|0.530|0.530|0.000|0.00|3,531
03011|AMLEX|0.180|0.000|0.000|0.000|0.00|0
1007|AMPROP|0.525|0.525|0.525|0.000|0.00|775
1007PA|AMPROP-PA|0.250|0.250|0.250|0.000|0.00|32
1007PB|AMPROP-PB|0.580|0.500|0.580|0.000|0.00|32
7051|AMTEK|0.300|0.310|0.275|-0.025|-8.33|629
7031|AMTEL|0.655|0.000|0.000|0.000|0.00|0
5959|AMVERTON|1.000|1.000|1.000|0.000|0.00|20
6351|AMWAY|6.250|6.270|6.150|-0.100|-1.60|1,823
7083|ANALABS|1.200|0.000|0.000|0.000|0.00|0
4758|ANCOM|0.485|0.485|0.480|-0.005|-1.03|467
0048|ANCOMLB|0.085|0.085|0.085|0.000|0.00|170
6556|ANNJOO|1.420|1.440|1.520|+0.100|+7.04|28,716
6556PA|ANNJOO-PA|0.470|0.500|0.500|+0.030|+6.38|8
9342|ANZO|0.040|0.040|0.040|0.000|0.00|930
9342WA|ANZO-WA|0.005|0.000|0.000|0.000|0.00|0
9342WB|ANZO-WB|0.025|0.000|0.000|0.000|0.00|0
9342WC|ANZO-WC|0.005|0.000|0.000|0.000|0.00|0
5568|APB|0.780|0.000|0.000|0.000|0.00|0
5088|APEX|1.020|1.020|1.000|-0.020|-1.96|220
5194|APFT|0.020|0.015|0.015|-0.005|-25.00|11,200
5015|APM|3.080|3.100|3.000|-0.080|-2.60|21
6432|APOLLO|3.860|3.800|3.830|-0.030|-0.78|160
0119|APPASIA|0.095|0.090|0.090|-0.005|-5.26|10,330
0119WA|APPASIA-WA|0.040|0.040|0.040|0.000|0.00|965
7214|ARANK|0.535|0.530|0.530|-0.005|-0.93|690
7007|ARK|0.385|0.450|0.450|+0.065|+16.88|182
7007WB|ARK-WB|0.090|0.000|0.000|0.000|0.00|0
5210|ARMADA|0.180|0.155|0.175|-0.005|-2.78|1,554,247
521040|ARMADA-C40|0.005|0.000|0.000|0.000|0.00|0
521043|ARMADA-C43|0.005|0.000|0.000|0.000|0.00|0
521044|ARMADA-C44|0.005|0.000|0.000|0.000|0.00|0
521045|ARMADA-C45|0.005|0.000|0.000|0.000|0.00|0
521046|ARMADA-C46|0.005|0.000|0.000|0.000|0.00|0
521047|ARMADA-C47|0.005|0.000|0.000|0.000|0.00|0
521048|ARMADA-C48|0.005|0.000|0.000|0.000|0.00|0
521049|ARMADA-C49|0.010|0.005|0.010|0.000|0.00|32,051
521050|ARMADA-C50|0.020|0.010|0.010|-0.010|-50.00|2,000
5127|ARREIT|0.845|0.845|0.840|-0.005|-0.59|531
1481|ASB|0.125|0.130|0.125|0.000|0.00|3,307
0068|ASDION|0.250|0.245|0.240|-0.010|-4.00|24,808
0068WB|ASDION-WB|0.005|0.000|0.000|0.000|0.00|0
7722|ASIABRN|0.470|0.430|0.435|-0.035|-7.45|150
7129|ASIAFLE|2.590|2.560|2.550|-0.040|-1.54|60
4057|ASIAPAC|0.115|0.115|0.120|+0.005|+4.35|13,426
4057LC|ASIAPAC-LC|0.600|0.000|0.000|0.000|0.00|0
4057WB|ASIAPAC-WB|0.055|0.000|0.000|0.000|0.00|0
0105|ASIAPLY|0.075|0.075|0.080|+0.005|+6.67|10,962
0105PA|ASIAPLY-PA|0.040|0.000|0.000|0.000|0.00|0
0105WA|ASIAPLY-WA|0.020|0.000|0.000|0.000|0.00|0
0105WB|ASIAPLY-WB|0.030|0.000|0.000|0.000|0.00|0
7162|ASTINO|0.700|0.690|0.690|-0.010|-1.43|950
6399|ASTRO|1.640|1.640|1.640|0.000|0.00|32,350
639910|ASTRO-C10|0.140|0.140|0.140|0.000|0.00|6,000
639911|ASTRO-C11|0.125|0.125|0.125|0.000|0.00|2,000
639912|ASTRO-C12|0.110|0.000|0.000|0.000|0.00|0
639913|ASTRO-C13|0.100|0.100|0.100|0.000|0.00|4,000
639914|ASTRO-C14|0.080|0.000|0.000|0.000|0.00|0
0072|AT|0.050|0.050|0.050|0.000|0.00|12,950
0072WB|AT-WB|0.005|0.000|0.000|0.000|0.00|0
8176|ATAIMS|1.750|1.800|1.730|-0.020|-1.14|15,063
7048|ATLAN|4.400|0.000|0.000|0.000|0.00|0
5130|ATRIUM|1.110|1.120|1.110|0.000|0.00|150
7099|ATTA|0.610|0.605|0.600|-0.010|-1.64|221
7099LA|ATTA-LA|0.070|0.070|0.075|+0.005|+7.14|21,226
7099PA|ATTA-PA|0.125|0.125|0.125|0.000|0.00|100
7099WB|ATTA-WB|0.090|0.000|0.000|0.000|0.00|0
7099WC|ATTA-WC|0.095|0.000|0.000|0.000|0.00|0
7181|ATURMJU|0.345|0.345|0.365|+0.020|+5.80|18,899
7181PA|ATURMJU-PA|0.065|0.070|0.095|+0.030|+46.15|159,906
8885|AVI|0.240|0.235|0.235|-0.005|-2.08|50
7579|AWC|0.730|0.725|0.745|+0.015|+2.05|6,655
7579WA|AWC-WA|0.200|0.195|0.200|0.000|0.00|2,961
6888|AXIATA|4.160|4.180|4.190|+0.030|+0.72|30,979
688828|AXIATA-C28|0.020|0.000|0.000|0.000|0.00|0
688829|AXIATA-C29|0.005|0.000|0.000|0.000|0.00|0
688830|AXIATA-C30|0.040|0.040|0.040|0.000|0.00|2,999
688831|AXIATA-C31|0.040|0.000|0.000|0.000|0.00|0
688832|AXIATA-C32|0.120|0.120|0.125|+0.005|+4.17|4,000
688833|AXIATA-C33|0.180|0.185|0.185|+0.005|+2.78|1,700
688834|AXIATA-C34|0.180|0.000|0.000|0.000|0.00|0
688835|AXIATA-C35|0.150|0.160|0.160|+0.010|+6.67|1,700
688836|AXIATA-C36|0.205|0.190|0.190|-0.015|-7.32|12,000
5106|AXREIT|1.740|1.740|1.730|-0.010|-0.57|4,990
2305|AYER|4.200|0.000|0.000|0.000|0.00|0
5021|AYS|0.345|0.335|0.350|+0.005|+1.45|982
7078|AZRB|0.445|0.410|0.435|-0.010|-2.25|236,188
7078WA|AZRB-WA|0.195|0.170|0.200|+0.005|+2.56|9,108
0098|BAHVEST|0.530|0.535|0.555|+0.025|+4.72|79,244
0098WA|BAHVEST-WA|0.315|0.315|0.325|+0.010|+3.17|18,624
7251|BARAKAH|0.090|0.090|0.095|+0.005|+5.56|325,058
4162|BAT|33.700|34.000|33.920|+0.220|+0.65|1,275
4162CM|BAT-CM|0.055|0.000|0.000|0.000|0.00|0
4162CN|BAT-CN|0.180|0.000|0.000|0.000|0.00|0
5248|BAUTO|2.190|2.180|2.180|-0.010|-0.46|16,350
5248C1|BAUTO-C1|0.075|0.000|0.000|0.000|0.00|0
5248CY|BAUTO-CY|0.125|0.000|0.000|0.000|0.00|0
5248CZ|BAUTO-CZ|0.185|0.170|0.165|-0.020|-10.81|133
6602|BCB|0.310|0.280|0.300|-0.010|-3.23|310
0187|BCMALL|0.200|0.200|0.200|0.000|0.00|24,202
6173|BDB|0.395|0.355|0.340|-0.055|-13.92|1,586
5190|BENALEC|0.190|0.195|0.185|-0.005|-2.63|6,223
9814|BERTAM|0.280|0.000|0.000|0.000|0.00|0
8133|BHIC|1.290|1.290|1.290|0.000|0.00|300
7005|BIG|0.350|0.330|0.380|+0.030|+8.57|3,439
5258|BIMB|4.250|4.240|4.250|0.000|0.00|21,076
5258WA|BIMB-WA|0.275|0.270|0.255|-0.020|-7.27|14,654
0195|BINACOM|0.400|0.400|0.400|0.000|0.00|1,230
6998|BINTAI|0.140|0.135|0.135|-0.005|-3.57|650
6998WA|BINTAI-WA|0.050|0.045|0.050|0.000|0.00|510
0179|BIOHLDG|0.205|0.200|0.205|0.000|0.00|17,390
0179WA|BIOHLDG-WA|0.085|0.080|0.085|0.000|0.00|12,042
7243|BIOOSMO|0.055|0.060|0.055|0.000|0.00|3,350
5032|BIPORT|4.600|4.600|4.600|0.000|0.00|271
3239|BJASSET|0.305|0.305|0.305|0.000|0.00|3,928
3239WB|BJASSET-WB|0.060|0.000|0.000|0.000|0.00|0
3395|BJCORP|0.270|0.275|0.270|0.000|0.00|55,342
339510|BJCORP-C10|0.010|0.000|0.000|0.000|0.00|0
339511|BJCORP-C11|0.030|0.000|0.000|0.000|0.00|0
3395LD|BJCORP-LD|0.345|0.000|0.000|0.000|0.00|0
3395LE|BJCORP-LE|0.385|0.000|0.000|0.000|0.00|0
3395WB|BJCORP-WB|0.045|0.045|0.045|0.000|0.00|706
3395WC|BJCORP-WC|0.080|0.075|0.075|-0.005|-6.25|11,030
5196|BJFOOD|1.390|1.380|1.380|-0.010|-0.72|182
4219|BJLAND|0.270|0.265|0.270|0.000|0.00|5,087
6025|BJMEDIA|0.210|0.000|0.000|0.000|0.00|0
1562|BJTOTO|2.360|2.360|2.370|+0.010|+0.42|6,791
1562CW|BJTOTO-CW|0.075|0.075|0.075|0.000|0.00|240
1562CX|BJTOTO-CX|0.070|0.000|0.000|0.000|0.00|0
1899|BKAWAN|17.100|17.120|17.180|+0.080|+0.47|40
5069|BLDPLNT|6.960|0.000|0.000|0.000|0.00|0
0508C5|BOC-C5|0.100|0.000|0.000|0.000|0.00|0
0168|BOILERM|0.580|0.565|0.550|-0.030|-5.17|1,610
9288|BONIA|0.245|0.250|0.250|+0.005|+2.04|495
7036|BORNOIL|0.040|0.040|0.045|+0.005|+12.50|23,998
7036WC|BORNOIL-WC|0.020|0.020|0.020|0.000|0.00|2,000
7036WD|BORNOIL-WD|0.020|0.015|0.020|0.000|0.00|4,268
6297|BOXPAK|1.250|0.000|0.000|0.000|0.00|0
6297WA|BOXPAK-WA|0.175|0.000|0.000|0.000|0.00|0
5254|BPLANT|0.785|0.775|0.770|-0.015|-1.91|11,837
5100|BPPLAS|1.080|1.120|1.090|+0.010|+0.93|5,305
5932|BPURI|0.190|0.180|0.180|-0.010|-5.26|37,076
9474|BRAHIMS|0.205|0.140|0.115|-0.090|-43.90|203,754
8761|BREM|0.750|0.750|0.750|0.000|0.00|1,200
9938|BRIGHT|0.190|0.185|0.180|-0.010|-5.26|1,000
7221|BSLCORP|0.390|0.360|0.345|-0.045|-11.54|857
2771|BSTEAD|1.450|1.420|1.360|-0.090|-6.21|7,076
0011|BTECH|0.285|0.280|0.290|+0.005|+1.75|2,932
7188|BTM|0.120|0.105|0.110|-0.010|-8.33|2,490
7188WA|BTM-WA|0.020|0.000|0.000|0.000|0.00|0
7188WB|BTM-WB|0.040|0.000|0.000|0.000|0.00|0
1818|BURSA|7.100|7.100|7.090|-0.010|-0.14|1,863
181820|BURSA-C20|0.020|0.000|0.000|0.000|0.00|0
181821|BURSA-C21|0.110|0.000|0.000|0.000|0.00|0
181822|BURSA-C22|0.090|0.000|0.000|0.000|0.00|0
181823|BURSA-C23|0.065|0.065|0.060|-0.005|-7.69|280
7174|CAB|0.605|0.600|0.640|+0.035|+5.79|6,661
7174WA|CAB-WA|0.450|0.410|0.450|0.000|0.00|186
0191|CABNET|0.250|0.255|0.255|+0.005|+2.00|100
0191WA|CABNET-WA|0.050|0.000|0.000|0.000|0.00|0
7154|CAELY|0.975|0.935|0.985|+0.010|+1.03|2,499
7154WA|CAELY-WA|0.590|0.000|0.000|0.000|0.00|0
7128|CAMRES|0.240|0.235|0.235|-0.005|-2.08|300
5105|CANONE|2.690|2.700|2.680|-0.010|-0.37|2,135
5229|CAP|0.010|0.000|0.000|0.000|0.00|0
0163|CAREPLS|0.180|0.185|0.180|0.000|0.00|7,626
5257|CARIMIN|0.725|0.720|0.815|+0.090|+12.41|382,843
5245|CARING|1.970|1.960|1.970|0.000|0.00|453
2836|CARLSBG|24.500|24.500|25.480|+0.980|+4.00|5,281
7076|CBIP|1.010|1.010|1.020|+0.010|+0.99|1,890
7076WA|CBIP-WA|0.020|0.000|0.000|0.000|0.00|0
2925|CCB|1.550|1.500|1.580|+0.030|+1.94|685
7035|CCK|0.640|0.625|0.635|-0.005|-0.78|20,252
7035WA|CCK-WA|0.125|0.120|0.120|-0.005|-4.00|24,397
2879|CCM|1.940|1.930|1.960|+0.020|+1.03|2,011
7148|CCMDBIO|1.130|1.130|1.130|0.000|0.00|2,669
5195|CENSOF|0.150|0.145|0.145|-0.005|-3.33|1,274
5195WB|CENSOF-WB|0.005|0.000|0.000|0.000|0.00|0
8982|CEPAT|0.600|0.590|0.590|-0.010|-1.67|1,010
8435|CEPCO|0.630|0.000|0.000|0.000|0.00|0
8044|CFM|1.250|0.000|0.000|0.000|0.00|0
0579C1|CGARDEN-C1|0.100|0.000|0.000|0.000|0.00|0
7209|CHEETAH|0.350|0.000|0.000|0.000|0.00|0
7187|CHGP|0.350|0.350|0.365|+0.015|+4.29|3,052
7187WA|CHGP-WA|0.210|0.000|0.000|0.000|0.00|0
5738|CHHB|1.490|1.440|1.490|0.000|0.00|2,166
5738WB|CHHB-WB|0.385|0.380|0.400|+0.015|+3.90|348
0829EA|CHINAETF-MYR|5.660|5.680|5.680|+0.020|+0.35|100
0829EB|CHINAETF-USD|1.275|0.000|0.000|0.000|0.00|0
5273|CHINHIN|0.815|0.810|0.805|-0.010|-1.23|10,177
1929|CHINTEK|7.000|0.000|0.000|0.000|0.00|0
5007|CHINWEL|1.790|1.790|1.800|+0.010|+0.56|880
0501CG|CHMOBIL-CG|0.195|0.180|0.180|-0.015|-7.69|25,020
5797|CHOOBEE|1.630|1.580|1.630|0.000|0.00|431
7016|CHUAN|0.360|0.375|0.375|+0.015|+4.17|250
8052|CICB|0.520|0.000|0.000|0.000|0.00|0
2828|CIHLDG|1.500|1.500|1.450|-0.050|-3.33|42
1023|CIMB|5.850|5.840|5.680|-0.170|-2.91|194,543
102340|CIMB-C40|0.025|0.000|0.000|0.000|0.00|0
102341|CIMB-C41|0.075|0.000|0.000|0.000|0.00|0
102342|CIMB-C42|0.050|0.000|0.000|0.000|0.00|0
102343|CIMB-C43|0.040|0.000|0.000|0.000|0.00|0
102344|CIMB-C44|0.075|0.000|0.000|0.000|0.00|0
102345|CIMB-C45|0.115|0.110|0.095|-0.020|-17.39|21,170
102346|CIMB-C46|0.130|0.120|0.110|-0.020|-15.38|6,204
102347|CIMB-C47|0.150|0.000|0.000|0.000|0.00|0
0822EA|CIMBA40|1.875|0.000|0.000|0.000|0.00|0
0823EA|CIMBC50|1.605|1.600|1.600|-0.005|-0.31|130
7117|CJCEN|0.445|0.440|0.430|-0.015|-3.37|29,589
0514C3|CKHUTCH-C3|0.075|0.000|0.000|0.000|0.00|0
5234|CLIQ|0.720|0.000|0.000|0.000|0.00|0
03001|CLOUD|0.300|0.000|0.000|0.000|0.00|0
7018|CME|0.040|0.035|0.035|-0.005|-12.50|10
7018LA|CME-LA|0.020|0.000|0.000|0.000|0.00|0
7018WA|CME-WA|0.025|0.000|0.000|0.000|0.00|0
5180|CMMT|1.100|1.110|1.110|+0.010|+0.91|24,146
2852|CMSB|3.170|3.170|3.150|-0.020|-0.63|11,950
285213|CMSB-C13|0.085|0.000|0.000|0.000|0.00|0
285214|CMSB-C14|0.085|0.000|0.000|0.000|0.00|0
285215|CMSB-C15|0.110|0.110|0.110|0.000|0.00|270
7986|CNASIA|0.435|0.430|0.445|+0.010|+2.30|118
5104|CNI|0.075|0.070|0.070|-0.005|-6.67|5,314
5188|CNOUHUA|0.050|0.050|0.050|0.000|0.00|8,000
5071|COASTAL|1.060|1.050|1.040|-0.020|-1.89|1,315
7205|COCOLND|2.110|2.100|2.100|-0.010|-0.47|213
7195|COMCORP|0.130|0.125|0.135|+0.005|+3.85|2,207
2127|COMFORT|0.860|0.860|0.860|0.000|0.00|3,157
5136|COMPLET|0.880|0.880|0.900|+0.020|+2.27|1,140
5037|COMPUGT|0.025|0.020|0.025|0.000|0.00|47,140
0102|CONNECT|0.115|0.000|0.000|0.000|0.00|0
0102PA|CONNECT-PA|0.035|0.000|0.000|0.000|0.00|0
0102WA|CONNECT-WA|0.025|0.020|0.020|-0.005|-20.00|6,000
0102WB|CONNECT-WB|0.025|0.000|0.000|0.000|0.00|0
8591|CRESBLD|0.990|0.980|0.990|0.000|0.00|1,473
6718|CRESNDO|1.280|1.260|1.260|-0.020|-1.56|50
03016|CRG|0.045|0.045|0.045|0.000|0.00|515
7202|CSCENIC|1.130|1.140|1.130|0.000|0.00|299
5094|CSCSTEL|1.080|1.080|1.090|+0.010|+0.93|1,211
5214|CSL|0.010|0.000|0.000|0.000|0.00|0
0051|CUSCAPI|0.200|0.200|0.195|-0.005|-2.50|74,814
5049|CVIEW|1.490|0.000|0.000|0.000|0.00|0
9423|CWG|0.425|0.425|0.425|0.000|0.00|200
7157|CYL|0.495|0.000|0.000|0.000|0.00|0
5082|CYMAO|0.380|0.000|0.000|0.000|0.00|0
5184|CYPARK|1.700|1.700|1.740|+0.040|+2.35|7,122
7204|D&O|0.730|0.730|0.740|+0.010|+1.37|30,322
8125|DAIBOCI|1.570|1.570|1.580|+0.010|+0.64|3,693
8125WB|DAIBOCI-WB|0.140|0.140|0.160|+0.020|+14.29|292
5355|DAIMAN|2.990|0.000|0.000|0.000|0.00|0
5276|DANCO|0.510|0.520|0.565|+0.055|+10.78|77,562
5276WA|DANCO-WA|0.250|0.250|0.280|+0.030|+12.00|23,694
8338|DATAPRP|0.210|0.210|0.210|0.000|0.00|4,637
0091|DAYA|0.010|0.005|0.005|-0.005|-50.00|163,934
5141|DAYANG|1.000|1.010|1.180|+0.180|+18.00|644,954
7179|DBE|0.030|0.030|0.025|-0.005|-16.67|26,000
7179WB|DBE-WB|0.010|0.010|0.010|0.000|0.00|9
3484|DBHD|0.385|0.385|0.410|+0.025|+6.49|17,669
3484WA|DBHD-WA|0.065|0.065|0.080|+0.015|+23.08|6,217
7119|DEGEM|1.050|0.000|0.000|0.000|0.00|0
5132|DELEUM|1.090|1.080|1.120|+0.030|+2.75|5,204
7212|DESTINI|0.205|0.210|0.220|+0.015|+7.32|36,534
0152|DGB|0.130|0.130|0.130|0.000|0.00|8,500
0152WB|DGB-WB|0.035|0.000|0.000|0.000|0.00|0
0131|DGSB|0.085|0.085|0.085|0.000|0.00|7,264
7277|DIALOG|3.230|3.200|3.180|-0.050|-1.55|56,676
727733|DIALOG-C33|0.025|0.000|0.000|0.000|0.00|0
727735|DIALOG-C35|0.005|0.000|0.000|0.000|0.00|0
727736|DIALOG-C36|0.055|0.000|0.000|0.000|0.00|0
727737|DIALOG-C37|0.050|0.045|0.045|-0.005|-10.00|1,004
727738|DIALOG-C38|0.040|0.000|0.000|0.000|0.00|0
727739|DIALOG-C39|0.055|0.050|0.055|0.000|0.00|5,000
727740|DIALOG-C40|0.125|0.120|0.115|-0.010|-8.00|4,680
727741|DIALOG-C41|0.110|0.105|0.105|-0.005|-4.55|36,053
727742|DIALOG-C42|0.140|0.140|0.140|0.000|0.00|3,500
727743|DIALOG-C43|0.150|0.000|0.000|0.000|0.00|0
6947|DIGI|4.550|4.570|4.560|+0.010|+0.22|20,717
694724|DIGI-C24|0.050|0.045|0.040|-0.010|-20.00|23
694725|DIGI-C25|0.105|0.000|0.000|0.000|0.00|0
694726|DIGI-C26|0.115|0.000|0.000|0.000|0.00|0
694727|DIGI-C27|0.115|0.000|0.000|0.000|0.00|0
694728|DIGI-C28|0.070|0.000|0.000|0.000|0.00|0
0029|DIGISTA|0.045|0.045|0.050|+0.005|+11.11|5,652
0029WB|DIGISTA-WB|0.020|0.000|0.000|0.000|0.00|0
0400GA|DIN040000223|98.400|0.000|0.000|0.000|0.00|0
0400GC|DIN042300721|98.860|0.000|0.000|0.000|0.00|0
0400GB|DIN045801028|98.800|0.000|0.000|0.000|0.00|0
7528|DKLS|1.790|1.790|1.790|0.000|0.00|10
5908|DKSH|2.450|2.470|2.460|+0.010|+0.41|1,425
3026|DLADY|63.960|63.960|63.460|-0.500|-0.78|7
4456|DNEX|0.265|0.265|0.280|+0.015|+5.66|177,091
4456WD|DNEX-WD|0.070|0.065|0.075|+0.005|+7.14|73,866
7114|DNONCE|0.485|0.455|0.450|-0.035|-7.22|160
7114WA|DNONCE-WA|0.195|0.190|0.190|-0.005|-2.56|200
5835|DOLMITE|0.110|0.110|0.110|0.000|0.00|60
5265|DOLPHIN|0.140|0.140|0.135|-0.005|-3.57|5,612
5265WA|DOLPHIN-WA|0.040|0.030|0.030|-0.010|-25.00|1,830
7169|DOMINAN|1.280|1.260|1.250|-0.030|-2.34|225
7169WA|DOMINAN-WA|0.090|0.000|0.000|0.000|0.00|0
0205|DPIH|0.220|0.225|0.220|0.000|0.00|1,054
7198|DPS|0.060|0.060|0.060|0.000|0.00|4,646
7198WB|DPS-WB|0.035|0.025|0.030|-0.005|-14.29|2,120
1619|DRBHCOM|1.850|1.900|1.870|+0.020|+1.08|20,406
161960|DRBHCOMC60|0.030|0.030|0.030|0.000|0.00|5,858
161962|DRBHCOMC62|0.005|0.000|0.000|0.000|0.00|0
161963|DRBHCOMC63|0.055|0.000|0.000|0.000|0.00|0
161964|DRBHCOMC64|0.005|0.005|0.005|0.000|0.00|1,800
161965|DRBHCOMC65|0.010|0.000|0.000|0.000|0.00|0
161966|DRBHCOMC66|0.005|0.000|0.000|0.000|0.00|0
161967|DRBHCOMC67|0.020|0.020|0.020|0.000|0.00|143
161968|DRBHCOMC68|0.095|0.100|0.095|0.000|0.00|24,736
161969|DRBHCOMC69|0.135|0.000|0.000|0.000|0.00|0
161970|DRBHCOMC70|0.140|0.160|0.145|+0.005|+3.57|15,029
161971|DRBHCOMC71|0.130|0.000|0.000|0.000|0.00|0
161972|DRBHCOMC72|0.130|0.125|0.125|-0.005|-3.85|1,000
161973|DRBHCOMC73|0.150|0.100|0.100|-0.050|-33.33|100
5216|DSONIC|0.445|0.440|0.450|+0.005|+1.12|69,973
5216WA|DSONIC-WA|0.080|0.075|0.080|0.000|0.00|2,463
7233|DUFU|1.660|1.660|1.680|+0.020|+1.20|29,995
3948|DUTALND|0.490|0.490|0.490|0.000|0.00|3,011
5178|DYNACIA|0.095|0.095|0.100|+0.005|+5.26|63,975
5178PA|DYNACIA-PA|0.045|0.045|0.045|0.000|0.00|30,084
5178WA|DYNACIA-WA|0.040|0.040|0.040|0.000|0.00|1,000
3417|E&O|0.860|0.860|0.860|0.000|0.00|31,694
3417WB|E&O-WB|0.005|0.000|0.000|0.000|0.00|0
0154|EAH|0.015|0.020|0.015|0.000|0.00|3,850
0154WC|EAH-WC|0.005|0.000|0.000|0.000|0.00|0
0154WD|EAH-WD|0.005|0.000|0.000|0.000|0.00|0
0154WE|EAH-WE|0.010|0.005|0.010|0.000|0.00|938
2097|EASTLND|0.105|0.105|0.105|0.000|0.00|25,314
5259|EATECH|0.425|0.395|0.430|+0.005|+1.18|112,831
2143|ECM|0.295|0.000|0.000|0.000|0.00|0
3557|ECOFIRS|0.295|0.300|0.300|+0.005|+1.69|3,400
3557WC|ECOFIRS-WC|0.020|0.025|0.025|+0.005|+25.00|110
0059|ECOHLDS|0.275|0.270|0.280|+0.005|+1.82|749
5253|ECONBHD|0.405|0.405|0.440|+0.035|+8.64|239,678
5253WA|ECONBHD-WA|0.100|0.100|0.115|+0.015|+15.00|22,094
8206|ECOWLD|0.950|0.950|0.970|+0.020|+2.11|2,561
8206CQ|ECOWLD-CQ|0.005|0.000|0.000|0.000|0.00|0
8206CR|ECOWLD-CR|0.150|0.000|0.000|0.000|0.00|0
8206CS|ECOWLD-CS|0.035|0.000|0.000|0.000|0.00|0
8206CT|ECOWLD-CT|0.150|0.000|0.000|0.000|0.00|0
8206WA|ECOWLD-WA|0.185|0.185|0.185|0.000|0.00|30
5036|EDARAN|0.510|0.500|0.535|+0.025|+4.90|9,176
7471|EDEN|0.110|0.110|0.115|+0.005|+4.55|18,863
7471WB|EDEN-WB|0.050|0.045|0.045|-0.005|-10.00|2,451
1368|EDGENTA|2.880|2.830|2.880|0.000|0.00|393
0107|EDUSPEC|0.025|0.025|0.025|0.000|0.00|23,620
0064|EFFICEN|0.175|0.000|0.000|0.000|0.00|0
0065|EFORCE|0.470|0.470|0.475|+0.005|+1.06|19,290
0065WA|EFORCE-WA|0.130|0.125|0.140|+0.010|+7.69|6,777
8907|EG|0.455|0.455|0.455|0.000|0.00|2,692
8907PA|EG-PA|0.455|0.000|0.000|0.000|0.00|0
8907WC|EG-WC|0.145|0.140|0.140|-0.005|-3.45|100
5081|EIG|0.660|0.000|0.000|0.000|0.00|0
5208|EITA|1.360|1.360|1.360|0.000|0.00|205
7182|EKA|0.065|0.000|0.000|0.000|0.00|0
8877|EKOVEST|0.535|0.530|0.555|+0.020|+3.74|108,251
8877CQ|EKOVEST-CQ|0.010|0.000|0.000|0.000|0.00|0
8877CR|EKOVEST-CR|0.005|0.000|0.000|0.000|0.00|0
8877CS|EKOVEST-CS|0.035|0.000|0.000|0.000|0.00|0
8877CT|EKOVEST-CT|0.050|0.045|0.050|0.000|0.00|16,100
8877WB|EKOVEST-WB|0.080|0.075|0.090|+0.010|+12.50|52,198
9016|EKSONS|0.820|0.815|0.830|+0.010|+1.22|620
5228|ELKDESA|1.350|1.350|1.360|+0.010|+0.74|838
5228LA|ELKDESA-LA|1.080|0.000|0.000|0.000|0.00|0
0090|ELSOFT|1.030|1.030|1.050|+0.020|+1.94|9,501
7217|EMETALL|0.385|0.375|0.380|-0.005|-1.30|1,490
9091|EMICO|0.175|0.170|0.175|0.000|0.00|823
6076|ENCORP|0.370|0.360|0.360|-0.010|-2.70|50
7149|ENGKAH|1.050|1.040|1.050|0.000|0.00|3
5056|ENGTEX|0.800|0.800|0.795|-0.005|-0.63|620
8613|ENRA|1.530|0.000|0.000|0.000|0.00|0
7773|EPMB|0.400|0.000|0.000|0.000|0.00|0
0190|ESAFE|0.250|0.200|0.210|-0.040|-16.00|3,220
0100|ESCERAM|0.150|0.150|0.150|0.000|0.00|65
6815|EUPE|0.605|0.615|0.605|0.000|0.00|111
7208|EURO|0.135|0.140|0.140|+0.005|+3.70|1
7094|EUROSP|0.440|0.000|0.000|0.000|0.00|0
5101|EVERGRN|0.380|0.360|0.365|-0.015|-3.95|22,910
7249|EWEIN|0.655|0.650|0.630|-0.025|-3.82|45,601
5283|EWINT|0.770|0.770|0.755|-0.015|-1.95|2,816
5283WA|EWINT-WA|0.145|0.140|0.140|-0.005|-3.45|1,620
3689|F&N|35.300|35.060|35.400|+0.100|+0.28|1,216
2984|FACBIND|1.300|1.200|1.290|-0.010|-0.77|270
7047|FAJAR|0.375|0.375|0.385|+0.010|+2.67|5,846
7047WB|FAJAR-WB|0.040|0.035|0.040|0.000|0.00|950
5029|FAREAST|2.710|2.800|2.770|+0.060|+2.21|478
6041|FARLIM|0.375|0.360|0.365|-0.010|-2.67|318
7229|FAVCO|2.770|2.770|2.800|+0.030|+1.08|3,614
06505D|FBMKLCI-C5D|0.085|0.000|0.000|0.000|0.00|0
06505I|FBMKLCI-C5I|0.005|0.000|0.000|0.000|0.00|0
06505J|FBMKLCI-C5J|0.040|0.000|0.000|0.000|0.00|0
06505K|FBMKLCI-C5K|0.015|0.000|0.000|0.000|0.00|0
06505L|FBMKLCI-C5L|0.070|0.000|0.000|0.000|0.00|0
06505M|FBMKLCI-C5M|0.165|0.155|0.155|-0.010|-6.06|220
06505N|FBMKLCI-C5N|0.070|0.060|0.065|-0.005|-7.14|6,820
06505O|FBMKLCI-C5O|0.055|0.055|0.055|0.000|0.00|4,113
06505P|FBMKLCI-C5P|0.250|0.235|0.235|-0.015|-6.00|1,100
06505Q|FBMKLCI-C5Q|0.355|0.335|0.330|-0.025|-7.04|1,100
06505R|FBMKLCI-C5R|0.080|0.070|0.070|-0.010|-12.50|2,100
06505S|FBMKLCI-C5S|0.195|0.190|0.190|-0.005|-2.56|500
06505T|FBMKLCI-C5T|0.295|0.285|0.285|-0.010|-3.39|700
06505U|FBMKLCI-C5U|0.150|0.000|0.000|0.000|0.00|0
06505V|FBMKLCI-C5V|0.085|0.070|0.070|-0.015|-17.65|400
0820EA|FBMKLCI-EA|1.810|0.000|0.000|0.000|0.00|0
06506F|FBMKLCI-H6F|0.025|0.000|0.000|0.000|0.00|0
06506K|FBMKLCI-H6K|0.155|0.175|0.175|+0.020|+12.90|150
06506L|FBMKLCI-H6L|0.110|0.120|0.120|+0.010|+9.09|1,795
06506M|FBMKLCI-H6M|0.150|0.160|0.160|+0.010|+6.67|1,040
06506N|FBMKLCI-H6N|0.195|0.000|0.000|0.000|0.00|0
06506O|FBMKLCI-H6O|0.290|0.000|0.000|0.000|0.00|0
06506P|FBMKLCI-H6P|0.050|0.050|0.055|+0.005|+10.00|35,883
06506Q|FBMKLCI-H6Q|0.070|0.075|0.075|+0.005|+7.14|2,520
06506R|FBMKLCI-H6R|0.240|0.000|0.000|0.000|0.00|0
06506S|FBMKLCI-H6S|0.335|0.345|0.345|+0.010|+2.99|25,100
06506T|FBMKLCI-H6T|0.075|0.080|0.085|+0.010|+13.33|3,514
06506U|FBMKLCI-H6U|0.295|0.255|0.255|-0.040|-13.56|100
06506V|FBMKLCI-H6V|0.255|0.255|0.255|0.000|0.00|100
06506W|FBMKLCI-H6W|0.135|0.145|0.140|+0.005|+3.70|2,400
06506X|FBMKLCI-H6X|0.095|0.105|0.105|+0.010|+10.53|2,000
2755|FCW|0.870|0.875|0.880|+0.010|+1.15|99
5222|FGV|1.120|1.120|1.190|+0.070|+6.25|317,458
522255|FGV-C55|0.015|0.005|0.015|0.000|0.00|5,021
522256|FGV-C56|0.005|0.000|0.000|0.000|0.00|0
522257|FGV-C57|0.005|0.000|0.000|0.000|0.00|0
522258|FGV-C58|0.005|0.005|0.010|+0.005|+100.00|14,450
522259|FGV-C59|0.035|0.000|0.000|0.000|0.00|0
522260|FGV-C60|0.010|0.005|0.005|-0.005|-50.00|1,000
522261|FGV-C61|0.025|0.025|0.030|+0.005|+20.00|3,680
522262|FGV-C62|0.085|0.080|0.095|+0.010|+11.76|90,660
522263|FGV-C63|0.165|0.150|0.180|+0.015|+9.09|234,627
522264|FGV-C64|0.240|0.230|0.230|-0.010|-4.17|100
522265|FGV-C65|0.175|0.160|0.195|+0.020|+11.43|27,840
522266|FGV-C66|0.310|0.000|0.000|0.000|0.00|0
522267|FGV-C67|0.395|0.380|0.435|+0.040|+10.13|3,012
522268|FGV-C68|0.200|0.000|0.000|0.000|0.00|0
522269|FGV-C69|0.115|0.120|0.120|+0.005|+4.35|220
522270|FGV-C70|0.115|0.085|0.110|-0.005|-4.35|608
522271|FGV-C71|0.045|0.050|0.050|+0.005|+11.11|2,670
6939|FIAMMA|0.510|0.515|0.515|+0.005|+0.98|120
0149|FIBON|0.480|0.450|0.450|-0.030|-6.25|100
8605|FIHB|0.380|0.380|0.400|+0.020|+5.26|3,086
8605PA|FIHB-PA|0.070|0.085|0.085|+0.015|+21.43|200
8605PB|FIHB-PB|0.080|0.000|0.000|0.000|0.00|0
3107|FIMACOR|1.930|1.930|1.920|-0.010|-0.52|422
0150|FINTEC|0.050|0.050|0.050|0.000|0.00|29,301
0150PA|FINTEC-PA|0.025|0.025|0.025|0.000|0.00|21,169
0150WA|FINTEC-WA|0.010|0.010|0.010|0.000|0.00|1,233
0150WB|FINTEC-WB|0.020|0.020|0.020|0.000|0.00|2,000
9318|FITTERS|0.495|0.490|0.500|+0.005|+1.01|28,087
9318WB|FITTERS-WB|0.030|0.030|0.025|-0.005|-16.67|33,266
5197|FLBHD|1.750|1.750|1.730|-0.020|-1.14|9,254
0116|FOCUS|0.145|0.140|0.140|-0.005|-3.45|13,861
0116WC|FOCUS-WC|0.095|0.000|0.000|0.000|0.00|0
0157|FOCUSP|0.290|0.290|0.295|+0.005|+1.72|692
5277|FPGROUP|0.300|0.295|0.300|0.000|0.00|28,014
9172|FPI|1.810|1.790|1.800|-0.010|-0.55|5,865
7210|FREIGHT|0.565|0.560|0.560|-0.005|-0.88|4,464
0128|FRONTKN|0.935|0.925|0.930|-0.005|-0.53|64,310
9377|FSBM|0.095|0.000|0.000|0.000|0.00|0
9377WA|FSBM-WA|0.025|0.000|0.000|0.000|0.00|0
7184|G3|0.790|0.000|0.000|0.000|0.00|0
7184WA|G3-WA|0.770|0.000|0.000|0.000|0.00|0
9261|GADANG|0.595|0.595|0.585|-0.010|-1.68|41,127
9261WB|GADANG-WB|0.135|0.130|0.135|0.000|0.00|1,570
5398|GAMUDA|2.940|2.940|2.920|-0.020|-0.68|21,832
539851|GAMUDA-C51|0.015|0.000|0.000|0.000|0.00|0
539853|GAMUDA-C53|0.005|0.000|0.000|0.000|0.00|0
539854|GAMUDA-C54|0.005|0.000|0.000|0.000|0.00|0
539856|GAMUDA-C56|0.030|0.000|0.000|0.000|0.00|0
539857|GAMUDA-C57|0.050|0.000|0.000|0.000|0.00|0
539858|GAMUDA-C58|0.085|0.085|0.080|-0.005|-5.88|600
539859|GAMUDA-C59|0.190|0.185|0.185|-0.005|-2.63|518
539860|GAMUDA-C60|0.120|0.115|0.115|-0.005|-4.17|8,000
539861|GAMUDA-C61|0.095|0.090|0.090|-0.005|-5.26|6,500
539862|GAMUDA-C62|0.110|0.105|0.105|-0.005|-4.55|200
539863|GAMUDA-C63|0.120|0.115|0.115|-0.005|-4.17|5,000
5398WE|GAMUDA-WE|0.240|0.235|0.230|-0.010|-4.17|18,309
5209|GASMSIA|2.860|2.880|2.820|-0.040|-1.40|113
5226|GBGAQRS|1.100|1.050|1.120|+0.020|+1.82|21,872
5226WB|GBGAQRS-WB|0.260|0.250|0.265|+0.005|+1.92|19,699
5102|GCB|3.780|3.770|3.800|+0.020|+0.53|6,022
5102CA|GCB-CA|0.315|0.315|0.315|0.000|0.00|3,931
5102CB|GCB-CB|0.150|0.000|0.000|0.000|0.00|0
5592|GCE|0.430|0.430|0.430|0.000|0.00|30
0198|GDB|0.265|0.270|0.270|+0.005|+1.89|7,514
0078|GDEX|0.360|0.360|0.365|+0.005|+1.39|245,672
0078CN|GDEX-CN|0.005|0.000|0.000|0.000|0.00|0
0078WB|GDEX-WB|0.065|0.065|0.065|0.000|0.00|258,379
0580C1|GEELY-C1|0.075|0.000|0.000|0.000|0.00|0
0104|GENETEC|1.900|1.860|1.880|-0.020|-1.05|1,684
4715|GENM|3.500|3.490|3.440|-0.060|-1.71|117,107
471538|GENM-C38|0.005|0.000|0.000|0.000|0.00|0
471539|GENM-C39|0.005|0.000|0.000|0.000|0.00|0
471540|GENM-C40|0.150|0.000|0.000|0.000|0.00|0
471541|GENM-C41|0.005|0.005|0.005|0.000|0.00|500
471542|GENM-C42|0.050|0.045|0.045|-0.005|-10.00|90
471543|GENM-C43|0.060|0.055|0.055|-0.005|-8.33|300
471544|GENM-C44|0.075|0.000|0.000|0.000|0.00|0
471545|GENM-C45|0.170|0.160|0.160|-0.010|-5.88|800
471546|GENM-C46|0.145|0.145|0.140|-0.005|-3.45|14,600
471547|GENM-C47|0.145|0.140|0.140|-0.005|-3.45|14,800
471548|GENM-C48|0.135|0.130|0.130|-0.005|-3.70|4,250
471549|GENM-C49|0.210|0.200|0.200|-0.010|-4.76|401
471550|GENM-C50|0.190|0.180|0.180|-0.010|-5.26|500
471551|GENM-C51|0.145|0.140|0.140|-0.005|-3.45|22,000
471552|GENM-C52|0.215|0.210|0.210|-0.005|-2.33|4,000
471553|GENM-C53|0.150|0.000|0.000|0.000|0.00|0
2291|GENP|10.500|10.400|10.500|0.000|0.00|4,476
2291WA|GENP-WA|2.600|2.600|2.520|-0.080|-3.08|116
3182|GENTING|7.370|7.370|7.240|-0.130|-1.76|50,461
318251|GENTINGC51|0.005|0.000|0.000|0.000|0.00|0
318255|GENTINGC55|0.050|0.000|0.000|0.000|0.00|0
318256|GENTINGC56|0.035|0.030|0.030|-0.005|-14.29|2
318257|GENTINGC57|0.150|0.130|0.130|-0.020|-13.33|37,808
318258|GENTINGC58|0.095|0.090|0.085|-0.010|-10.53|1,190
318259|GENTINGC59|0.145|0.140|0.130|-0.015|-10.34|9,000
318260|GENTINGC60|0.180|0.170|0.160|-0.020|-11.11|1,500
318261|GENTINGC61|0.160|0.150|0.150|-0.010|-6.25|3,772
318262|GENTINGC62|0.210|0.195|0.195|-0.015|-7.14|18,635
318263|GENTINGC63|0.185|0.165|0.170|-0.015|-8.11|11,994
318264|GENTINGC64|0.150|0.000|0.000|0.000|0.00|0
7197|GESHEN|0.635|0.630|0.630|-0.005|-0.79|190
5079|GETS|0.120|0.115|0.125|+0.005|+4.17|5,056
0039|GFM|0.480|0.465|0.505|+0.025|+5.21|43,424
0039WC|GFM-WC|0.190|0.180|0.210|+0.020|+10.53|84,946
0021|GHLSYS|1.700|1.710|1.720|+0.020|+1.18|50
0021CA|GHLSYS-CA|0.120|0.000|0.000|0.000|0.00|0
3204|GKENT|1.050|1.060|1.080|+0.030|+2.86|27,403
7382|GLBHD|0.380|0.390|0.390|+0.010|+2.63|100
5020|GLOMAC|0.385|0.385|0.380|-0.005|-1.30|503
5220|GLOTEC|0.465|0.465|0.470|+0.005|+1.08|6,564
5220WA|GLOTEC-WA|0.075|0.075|0.075|0.000|0.00|373
9962|GMUTUAL|0.275|0.270|0.270|-0.005|-1.82|50
0045|GNB|0.055|0.050|0.050|-0.005|-9.09|4,161
1147|GOB|0.175|0.175|0.180|+0.005|+2.86|2,359
1147WA|GOB-WA|0.010|0.005|0.010|0.000|0.00|10,418
0074|GOCEAN|0.100|0.095|0.100|0.000|0.00|120
0074WA|GOCEAN-WA|0.005|0.000|0.000|0.000|0.00|0
0828EA|GOLDETF|1.770|1.760|1.760|-0.010|-0.56|500
7192|GOODWAY|0.200|0.200|0.200|0.000|0.00|2,970
2135|GOPENG|0.690|0.690|0.690|0.000|0.00|30
7096|GPA|0.085|0.085|0.085|0.000|0.00|300
7096WA|GPA-WA|0.020|0.020|0.020|0.000|0.00|6,100
0082|GPACKET|0.315|0.315|0.335|+0.020|+6.35|6,597
0082WB|GPACKET-WB|0.075|0.075|0.090|+0.015|+20.00|8,060
5649|GPHAROS|0.220|0.000|0.000|0.000|0.00|0
0056|GRANFLO|0.205|0.215|0.205|0.000|0.00|800
0136|GREENYB|0.125|0.125|0.130|+0.005|+4.00|1,605
7077|GSB|0.170|0.170|0.165|-0.005|-2.94|4,488
7022|GTRONIC|1.920|1.920|1.890|-0.030|-1.56|3,973
7022CR|GTRONIC-CR|0.020|0.000|0.000|0.000|0.00|0
7022CS|GTRONIC-CS|0.005|0.000|0.000|0.000|0.00|0
7022CT|GTRONIC-CT|0.005|0.000|0.000|0.000|0.00|0
7022CU|GTRONIC-CU|0.030|0.000|0.000|0.000|0.00|0
7022CV|GTRONIC-CV|0.100|0.000|0.000|0.000|0.00|0
7022CW|GTRONIC-CW|0.060|0.000|0.000|0.000|0.00|0
3247|GUH|0.500|0.490|0.490|-0.010|-2.00|1,153
7676|GUNUNG|0.330|0.320|0.325|-0.005|-1.52|302
7676WB|GUNUNG-WB|0.055|0.000|0.000|0.000|0.00|0
1503|GUOCO|0.780|0.780|0.790|+0.010|+1.28|252
7668|HAIO|2.790|2.820|2.820|+0.030|+1.08|518
7668CG|HAIO-CG|0.075|0.000|0.000|0.000|0.00|0
5151|HALEX|0.850|0.000|0.000|0.000|0.00|0
7253|HANDAL|0.345|0.360|0.350|+0.005|+1.45|139
3034|HAPSENG|9.850|9.870|9.810|-0.040|-0.41|3,682
3034CX|HAPSENG-CX|0.040|0.000|0.000|0.000|0.00|0
2062|HARBOUR|0.700|0.690|0.700|0.000|0.00|80
2062WC|HARBOUR-WC|0.100|0.000|0.000|0.000|0.00|0
5008|HARISON|3.910|3.800|3.850|-0.060|-1.53|38
7501|HARNLEN|0.470|0.470|0.460|-0.010|-2.13|160
5168|HARTA|5.000|5.000|5.140|+0.140|+2.80|24,818
516811|HARTA-C11|0.005|0.000|0.000|0.000|0.00|0
516815|HARTA-C15|0.020|0.000|0.000|0.000|0.00|0
516816|HARTA-C16|0.005|0.000|0.000|0.000|0.00|0
516817|HARTA-C17|0.025|0.000|0.000|0.000|0.00|0
516818|HARTA-C18|0.010|0.010|0.010|0.000|0.00|900
516819|HARTA-C19|0.060|0.000|0.000|0.000|0.00|0
516820|HARTA-C20|0.085|0.090|0.090|+0.005|+5.88|5,036
516821|HARTA-C21|0.095|0.100|0.100|+0.005|+5.26|190
516822|HARTA-C22|0.085|0.095|0.095|+0.010|+11.76|112
5187|HBGLOB|0.075|0.085|0.105|+0.030|+40.00|40,113
7105|HCK|1.260|1.250|1.240|-0.020|-1.59|150
7105WA|HCK-WA|0.295|0.000|0.000|0.000|0.00|0
3255|HEIM|22.680|22.900|22.780|+0.100|+0.44|1,476
5121|HEKTAR|1.120|1.130|1.130|+0.010|+0.89|3,597
4324|HENGYUAN|5.980|5.980|6.000|+0.020|+0.33|8,176
4324C1|HENGYUAN-C1|0.020|0.000|0.000|0.000|0.00|0
4324C2|HENGYUAN-C2|0.010|0.000|0.000|0.000|0.00|0
4324C3|HENGYUAN-C3|0.005|0.000|0.000|0.000|0.00|0
4324C4|HENGYUAN-C4|0.030|0.000|0.000|0.000|0.00|0
4324C5|HENGYUAN-C5|0.030|0.000|0.000|0.000|0.00|0
4324C6|HENGYUAN-C6|0.055|0.000|0.000|0.000|0.00|0
4324C7|HENGYUAN-C7|0.210|0.210|0.210|0.000|0.00|100
4324CZ|HENGYUAN-CZ|0.030|0.000|0.000|0.000|0.00|0
5095|HEVEA|0.600|0.600|0.615|+0.015|+2.50|23,896
5095WB|HEVEA-WB|0.415|0.415|0.450|+0.035|+8.43|2,215
3298|HEXZA|0.690|0.690|0.690|0.000|0.00|80
0175|HHGROUP|0.125|0.115|0.130|+0.005|+4.00|1,914
0160|HHHCORP|0.095|0.095|0.095|0.000|0.00|10
5072|HIAPTEK|0.270|0.270|0.275|+0.005|+1.85|31,916
5072LA|HIAPTEK-LA|0.290|0.290|0.295|+0.005|+1.72|2,509
5072WB|HIAPTEK-WB|0.080|0.080|0.085|+0.005|+6.25|3,379
5199|HIBISCS|1.020|1.010|1.050|+0.030|+2.94|363,152
5199CK|HIBISCS-CK|0.010|0.010|0.010|0.000|0.00|4,000
5199CL|HIBISCS-CL|0.025|0.000|0.000|0.000|0.00|0
5199CM|HIBISCS-CM|0.080|0.080|0.090|+0.010|+12.50|1,200
5199CN|HIBISCS-CN|0.100|0.080|0.100|0.000|0.00|1,564
5199CO|HIBISCS-CO|0.080|0.075|0.080|0.000|0.00|10,000
5199CP|HIBISCS-CP|0.055|0.050|0.055|0.000|0.00|786
5199CQ|HIBISCS-CQ|0.115|0.115|0.125|+0.010|+8.70|4,700
5199CR|HIBISCS-CR|0.100|0.105|0.115|+0.015|+15.00|5,471
5199CS|HIBISCS-CS|0.100|0.095|0.105|+0.005|+5.00|12,082
5199CT|HIBISCS-CT|0.135|0.130|0.130|-0.005|-3.70|6,000
5199CU|HIBISCS-CU|0.085|0.085|0.095|+0.010|+11.76|29,504
5199CV|HIBISCS-CV|0.150|0.450|0.080|-0.070|-46.67|33
5199WC|HIBISCS-WC|0.455|0.460|0.480|+0.025|+5.49|100,274
7033|HIGHTEC|1.280|0.000|0.000|0.000|0.00|0
8443|HIL|0.505|0.500|0.500|-0.005|-0.99|20
8443WB|HIL-WB|0.180|0.130|0.180|0.000|0.00|57
0505CF|HKEX-CF|0.390|0.410|0.410|+0.020|+5.13|100
5819|HLBANK|21.280|21.220|21.280|0.000|0.00|17,622
5819CN|HLBANK-CN|0.060|0.000|0.000|0.000|0.00|0
5819CO|HLBANK-CO|0.160|0.000|0.000|0.000|0.00|0
5274|HLCAP|9.600|0.000|0.000|0.000|0.00|0
1082|HLFG|19.700|19.600|19.560|-0.140|-0.71|4,225
3301|HLIND|9.920|9.950|9.890|-0.030|-0.30|1,835
0188|HLT|0.155|0.145|0.155|0.000|0.00|2,236
0188WA|HLT-WA|0.060|0.050|0.050|-0.010|-16.67|500
5169|HOHUP|0.365|0.365|0.375|+0.010|+2.74|910
5165|HOKHENG|0.550|0.550|0.550|0.000|0.00|50
5160|HOMERIZ|0.620|0.620|0.610|-0.010|-1.61|885
5160WA|HOMERIZ-WA|0.075|0.000|0.000|0.000|0.00|0
7010|HOOVER|0.605|0.000|0.000|0.000|0.00|0
06513U|HSI-C3U|0.055|0.045|0.045|-0.010|-18.18|205
06513V|HSI-C3V|0.135|0.135|0.140|+0.005|+3.70|386,014
06513W|HSI-C3W|0.420|0.420|0.435|+0.015|+3.57|403,048
06513X|HSI-C3X|0.885|0.920|0.925|+0.040|+4.52|2,406
06513Y|HSI-C3Y|0.120|0.000|0.000|0.000|0.00|0
06513Z|HSI-C3Z|0.205|0.210|0.215|+0.010|+4.88|208,136
06515A|HSI-C5A|0.425|0.435|0.435|+0.010|+2.35|105,498
06515B|HSI-C5B|0.710|0.710|0.730|+0.020|+2.82|33,386
06515C|HSI-C5C|0.225|0.240|0.230|+0.005|+2.22|229,013
06515D|HSI-C5D|0.365|0.375|0.375|+0.010|+2.74|221,463
06515E|HSI-C5E|0.645|0.000|0.000|0.000|0.00|0
06515F|HSI-C5F|0.960|1.010|0.990|+0.030|+3.13|170
06515G|HSI-C5G|0.535|0.540|0.545|+0.010|+1.87|917
06515H|HSI-C5H|0.830|0.835|0.840|+0.010|+1.20|4,000
06515I|HSI-C5I|1.080|0.000|0.000|0.000|0.00|0
06515J|HSI-C5J|0.690|0.690|0.685|-0.005|-0.72|1,710
06515K|HSI-C5K|0.995|1.030|1.030|+0.035|+3.52|450
06515L|HSI-C5L|1.340|0.000|0.000|0.000|0.00|0
06515M|HSI-C5M|1.820|1.870|1.860|+0.040|+2.20|60
06514V|HSI-H4V|0.010|0.005|0.005|-0.005|-50.00|19,645
06514W|HSI-H4W|0.005|0.005|0.005|0.000|0.00|51,338
06514X|HSI-H4X|0.050|0.040|0.040|-0.010|-20.00|40,931
06514Y|HSI-H4Y|0.125|0.115|0.110|-0.015|-12.00|325,311
06514Z|HSI-H4Z|0.025|0.020|0.020|-0.005|-20.00|3,650
06516A|HSI-H6A|0.045|0.040|0.030|-0.015|-33.33|20,934
06516B|HSI-H6B|0.095|0.090|0.085|-0.010|-10.53|1,480
06516C|HSI-H6C|0.180|0.175|0.170|-0.010|-5.56|41,111
06516D|HSI-H6D|0.115|0.000|0.000|0.000|0.00|0
06516E|HSI-H6E|0.220|0.195|0.190|-0.030|-13.64|8,460
06516F|HSI-H6F|0.350|0.350|0.330|-0.020|-5.71|166,683
06516G|HSI-H6G|0.575|0.555|0.560|-0.015|-2.61|154,306
06516H|HSI-H6H|0.125|0.130|0.130|+0.005|+4.00|200
06516I|HSI-H6I|0.215|0.205|0.205|-0.010|-4.65|300
06516J|HSI-H6J|0.340|0.330|0.325|-0.015|-4.41|45,201
06516K|HSI-H6K|0.085|0.090|0.090|+0.005|+5.88|50
06516L|HSI-H6L|0.160|0.000|0.000|0.000|0.00|0
06516M|HSI-H6M|0.230|0.225|0.225|-0.005|-2.17|10,749
06516N|HSI-H6N|0.360|0.350|0.345|-0.015|-4.17|14,164
6238|HSL|1.570|1.520|1.520|-0.050|-3.18|133
5138|HSPLANT|1.940|0.000|0.000|0.000|0.00|0
0185|HSSEB|1.110|1.120|1.080|-0.030|-2.70|6,799
0185WA|HSSEB-WA|0.190|0.190|0.200|+0.010|+5.26|928
5028|HTPADU|0.735|0.680|0.680|-0.055|-7.48|18,653
2739|HUAAN|0.180|0.180|0.225|+0.045|+25.00|722,113
5062|HUAYANG|0.405|0.410|0.410|+0.005|+1.23|2,906
7013|HUBLINE|0.060|0.060|0.060|0.000|0.00|26,834
7013WA|HUBLINE-WA|0.005|0.000|0.000|0.000|0.00|0
7013WB|HUBLINE-WB|0.005|0.000|0.000|0.000|0.00|0
7013WC|HUBLINE-WC|0.020|0.015|0.020|0.000|0.00|475
5000|HUMEIND|0.620|0.620|0.620|0.000|0.00|1,295
5024|HUPSENG|1.020|1.020|1.010|-0.010|-0.98|4,724
8478|HWATAI|0.340|0.000|0.000|0.000|0.00|0
9601|HWGB|0.100|0.100|0.095|-0.005|-5.00|7,028
9601WD|HWGB-WD|0.030|0.000|0.000|0.000|0.00|0
4251|IBHD|0.420|0.425|0.425|+0.005|+1.19|3,701
4251LB|IBHD-LB|0.320|0.000|0.000|0.000|0.00|0
4251WA|IBHD-WA|0.010|0.000|0.000|0.000|0.00|0
5084|IBRACO|0.710|0.000|0.000|0.000|0.00|0
5108|ICAP|2.410|2.410|2.400|-0.010|-0.41|455
0502CF|ICBC-CF|0.100|0.000|0.000|0.000|0.00|0
5255|ICON|0.080|0.075|0.070|-0.010|-12.50|96,027
9687|IDEAL|1.250|1.220|1.230|-0.020|-1.60|954
9687WB|IDEAL-WB|0.430|0.410|0.420|-0.010|-2.33|295
0174|IDMENSN|0.025|0.025|0.025|0.000|0.00|7,283
0174WA|IDMENSN-WA|0.005|0.000|0.000|0.000|0.00|0
0023|IFCAMSC|0.325|0.325|0.345|+0.020|+6.15|341,002
5606|IGBB|2.500|2.500|2.500|0.000|0.00|684
5606PA|IGBB-PA|1.110|0.000|0.000|0.000|0.00|0
5606PB|IGBB-PB|3.250|0.000|0.000|0.000|0.00|0
5227|IGBREIT|1.740|1.750|1.770|+0.030|+1.72|17,699
5225|IHH|5.730|5.740|5.790|+0.060|+1.05|67,705
522510|IHH-C10|0.130|0.130|0.125|-0.005|-3.85|1,944
5225C7|IHH-C7|0.050|0.000|0.000|0.000|0.00|0
5225C8|IHH-C8|0.105|0.115|0.115|+0.010|+9.52|880
5225C9|IHH-C9|0.095|0.000|0.000|0.000|0.00|0
0401GA|IHS046000824|96.000|0.000|0.000|0.000|0.00|0
3336|IJM|1.800|1.820|1.830|+0.030|+1.67|90,289
333620|IJM-C20|0.055|0.050|0.050|-0.005|-9.09|2,998
333621|IJM-C21|0.050|0.045|0.045|-0.005|-10.00|1,148
333622|IJM-C22|0.050|0.000|0.000|0.000|0.00|0
333623|IJM-C23|0.005|0.000|0.000|0.000|0.00|0
333624|IJM-C24|0.115|0.105|0.110|-0.005|-4.35|2,000
333625|IJM-C25|0.150|0.000|0.000|0.000|0.00|0
2216|IJMPLNT|1.720|1.680|1.720|0.000|0.00|25
5268|IKHMAS|0.145|0.130|0.130|-0.015|-10.34|64,440
5614|ILB|0.435|0.430|0.450|+0.015|+3.45|187
7222|IMASPRO|2.210|2.130|2.230|+0.020|+0.90|13,552
0166|INARI|1.570|1.570|1.590|+0.020|+1.27|48,612
016621|INARI-C21|0.010|0.000|0.000|0.000|0.00|0
016622|INARI-C22|0.005|0.000|0.000|0.000|0.00|0
016623|INARI-C23|0.005|0.000|0.000|0.000|0.00|0
016624|INARI-C24|0.005|0.000|0.000|0.000|0.00|0
016625|INARI-C25|0.005|0.000|0.000|0.000|0.00|0
016626|INARI-C26|0.045|0.045|0.045|0.000|0.00|200
016627|INARI-C27|0.040|0.040|0.040|0.000|0.00|6,090
016628|INARI-C28|0.040|0.000|0.000|0.000|0.00|0
016629|INARI-C29|0.075|0.000|0.000|0.000|0.00|0
016630|INARI-C30|0.070|0.000|0.000|0.000|0.00|0
016631|INARI-C31|0.125|0.125|0.130|+0.005|+4.00|39,860
016632|INARI-C32|0.130|0.135|0.135|+0.005|+3.85|2,700
016633|INARI-C33|0.280|0.280|0.280|0.000|0.00|4
016634|INARI-C34|0.090|0.090|0.090|0.000|0.00|2,700
016635|INARI-C35|0.070|0.000|0.000|0.000|0.00|0
016636|INARI-C36|0.150|0.000|0.000|0.000|0.00|0
0166WB|INARI-WB|1.000|1.000|1.030|+0.030|+3.00|2,612
2607|INCKEN|0.635|0.625|0.640|+0.005|+0.79|1,870
0094|INIX|0.095|0.095|0.080|-0.015|-15.79|335,573
0094WA|INIX-WA|0.035|0.030|0.025|-0.010|-28.57|22,659
0147|INNITY|0.580|0.570|0.615|+0.035|+6.03|4
6262|INNO|0.715|0.000|0.000|0.000|0.00|0
3379|INSAS|0.785|0.780|0.785|0.000|0.00|4,234
3379PA|INSAS-PA|0.980|0.975|0.975|-0.005|-0.51|40
3379WB|INSAS-WB|0.085|0.080|0.085|0.000|0.00|1,476
0192|INTA|0.275|0.280|0.270|-0.005|-1.82|1,199
1961|IOICORP|4.490|4.490|4.520|+0.030|+0.67|9,603
196119|IOICORP-C19|0.055|0.055|0.050|-0.005|-9.09|8
5249|IOIPG|1.610|1.600|1.540|-0.070|-4.35|9,784
5249CU|IOIPG-CU|0.045|0.000|0.000|0.000|0.00|0
5249CV|IOIPG-CV|0.250|0.200|0.200|-0.050|-20.00|413
5673|IPMUDA|0.510|0.000|0.000|0.000|0.00|0
5107|IQGROUP|1.230|1.230|1.220|-0.010|-0.81|360
8834|IREKA|0.520|0.530|0.530|+0.010|+1.92|770
8834WB|IREKA-WB|0.005|0.000|0.000|0.000|0.00|0
7183|IRETEX|0.125|0.130|0.125|0.000|0.00|880
7183LA|IRETEX-LA|0.020|0.015|0.015|-0.005|-25.00|200
7183WA|IRETEX-WA|0.005|0.000|0.000|0.000|0.00|0
0010|IRIS|0.130|0.130|0.130|0.000|0.00|118,573
9393|ITRONIC|0.105|0.090|0.095|-0.010|-9.52|2,097
5175|IVORY|0.215|0.210|0.210|-0.005|-2.33|880
1589|IWCITY|0.550|0.550|0.600|+0.050|+9.09|173,447
7223|JADI|0.035|0.035|0.035|0.000|0.00|11,693
0024|JAG|0.050|0.050|0.045|-0.005|-10.00|15,639
0024WA|JAG-WA|0.005|0.000|0.000|0.000|0.00|0
0024WB|JAG-WB|0.010|0.010|0.010|0.000|0.00|1,000
4723|JAKS|0.560|0.540|0.605|+0.045|+8.04|176,594
4723WB|JAKS-WB|0.285|0.275|0.325|+0.040|+14.04|11,352
8648|JASKITA|0.110|0.110|0.110|0.000|0.00|3,500
7152|JAYCORP|0.815|0.815|0.825|+0.010|+1.23|249
0058|JCBNEXT|1.570|1.510|1.540|-0.030|-1.91|62
5161|JCY|0.210|0.210|0.205|-0.005|-2.38|18,691
8931|JERASIA|0.370|0.000|0.000|0.000|0.00|0
9083|JETSON|0.180|0.190|0.180|0.000|0.00|100
0146|JFTECH|0.785|0.780|0.775|-0.010|-1.27|1,008
0127|JHM|1.170|1.170|1.190|+0.020|+1.71|8,430
8923|JIANKUN|0.325|0.000|0.000|0.000|0.00|0
8923WA|JIANKUN-WA|0.075|0.000|0.000|0.000|0.00|0
6769|JKGLAND|0.075|0.075|0.080|+0.005|+6.67|32,182
03003|JMEDU|0.550|0.560|0.560|+0.010|+1.82|50
7043|JMR|0.960|0.000|0.000|0.000|0.00|0
3441|JOHAN|0.090|0.090|0.090|0.000|0.00|1,100
7167|JOHOTIN|1.360|1.340|1.410|+0.050|+3.68|18,550
4383|JTIASA|0.530|0.520|0.525|-0.005|-0.94|13,238
0111|K1|0.230|0.230|0.235|+0.005|+2.17|24,016
0111WC|K1-WC|0.105|0.100|0.110|+0.005|+4.76|16,770
0193|KAB|0.225|0.225|0.235|+0.010|+4.44|28,878
8672|KAMDAR|0.290|0.000|0.000|0.000|0.00|0
0170|KANGER|0.045|0.040|0.045|0.000|0.00|3,630
0170WA|KANGER-WA|0.020|0.000|0.000|0.000|0.00|0
5247|KAREX|0.395|0.395|0.400|+0.005|+1.27|85,974
0054|KARYON|0.135|0.130|0.135|0.000|0.00|6,111
7216|KAWAN|1.650|1.650|1.790|+0.140|+8.48|2,940
3115|KBUNAI|0.090|0.085|0.085|-0.005|-5.56|18,749
3115WC|KBUNAI-WC|0.020|0.020|0.020|0.000|0.00|91,825
7199|KEINHIN|0.630|0.000|0.000|0.000|0.00|0
7323|KEN|0.700|0.000|0.000|0.000|0.00|0
6483|KENANGA|0.575|0.560|0.560|-0.015|-2.61|2,446
7161|KERJAYA|1.260|1.260|1.240|-0.020|-1.59|3,021
7161CJ|KERJAYA-CJ|0.020|0.000|0.000|0.000|0.00|0
7161WB|KERJAYA-WB|0.235|0.000|0.000|0.000|0.00|0
9334|KESM|9.600|9.550|9.600|0.000|0.00|400
0143|KEYASIC|0.105|0.105|0.110|+0.005|+4.76|38,726
6491|KFIMA|1.630|1.630|1.630|0.000|0.00|680
8303|KFM|0.155|0.140|0.140|-0.015|-9.68|20
0151|KGB|1.230|1.220|1.270|+0.040|+3.25|22,085
0151WA|KGB-WA|0.720|0.720|0.740|+0.020|+2.78|16,590
0036|KGROUP|0.040|0.040|0.045|+0.005|+12.50|9,500
0036WB|KGROUP-WB|0.010|0.000|0.000|0.000|0.00|0
6203|KHEESAN|0.595|0.575|0.600|+0.005|+0.84|210
7062|KHIND|1.690|1.700|1.700|+0.010|+0.59|453
6211|KIALIM|0.225|0.220|0.220|-0.005|-2.22|185
3522|KIANJOO|3.030|3.040|3.040|+0.010|+0.33|3,918
5371|KIMHIN|1.250|1.200|1.250|0.000|0.00|382
5171|KIMLUN|1.280|1.270|1.250|-0.030|-2.34|800
5171WA|KIMLUN-WA|0.310|0.000|0.000|0.000|0.00|0
5060|KINSTEL|0.005|0.000|0.000|0.000|0.00|0
5280|KIPREIT|0.840|0.840|0.830|-0.010|-1.19|639
9466|KKB|1.190|1.200|1.230|+0.040|+3.36|14,650
5235SS|KLCC|7.840|7.800|7.750|-0.090|-1.15|7
2445|KLK|24.740|24.540|24.760|+0.020|+0.08|2,079
2445C2|KLK-C2|0.140|0.000|0.000|0.000|0.00|0
2453|KLUANG|3.610|3.520|3.520|-0.090|-2.49|8
5027|KMLOONG|1.270|1.270|1.260|-0.010|-0.79|133
5027WB|KMLOONG-WB|0.270|0.270|0.270|0.000|0.00|293
7164|KNM|0.090|0.090|0.095|+0.005|+5.56|136,120
7164WB|KNM-WB|0.015|0.010|0.015|0.000|0.00|7,377
5035|KNUSFOR|0.350|0.370|0.370|+0.020|+5.71|1
6971|KOBAY|1.530|0.000|0.000|0.000|0.00|0
7017|KOMARK|0.160|0.155|0.165|+0.005|+3.13|71,251
7017WB|KOMARK-WB|0.020|0.025|0.025|+0.005|+25.00|3,258
7153|KOSSAN|3.880|3.880|3.850|-0.030|-0.77|6,562
7153CY|KOSSAN-CY|0.010|0.000|0.000|0.000|0.00|0
7153CZ|KOSSAN-CZ|0.150|0.000|0.000|0.000|0.00|0
0002|KOTRA|1.760|1.750|1.750|-0.010|-0.57|10
5878|KPJ|1.010|1.010|1.010|0.000|0.00|61,544
5878CR|KPJ-CR|0.020|0.000|0.000|0.000|0.00|0
5878CS|KPJ-CS|0.030|0.000|0.000|0.000|0.00|0
7130|KPOWER|0.480|0.000|0.000|0.000|0.00|0
5843|KPS|1.350|1.360|1.320|-0.030|-2.22|14,954
9121|KPSCB|0.515|0.510|0.515|0.000|0.00|1,900
1996|KRETAM|0.395|0.395|0.405|+0.010|+2.53|264
0176|KRONO|0.625|0.625|0.625|0.000|0.00|41,907
3476|KSENG|4.680|4.700|4.700|+0.020|+0.43|200
5038|KSL|0.825|0.850|0.835|+0.010|+1.21|15,005
5192|KSSC|0.475|0.470|0.555|+0.080|+16.84|49,037
5172|KSTAR|0.080|0.000|0.000|0.000|0.00|0
5172WA|KSTAR-WA|0.020|0.000|0.000|0.000|0.00|0
4847|KTB|0.065|0.060|0.070|+0.005|+7.69|2,791
0180|KTC|0.175|0.180|0.185|+0.010|+5.71|9,095
6874|KUB|0.390|0.390|0.395|+0.005|+1.28|37,185
2186|KUCHAI|1.630|1.620|1.610|-0.020|-1.23|370
6572|KWANTAS|0.830|0.000|0.000|0.000|0.00|0
8362|KYM|0.335|0.000|0.000|0.000|0.00|0
3174|L&G|0.155|0.155|0.150|-0.005|-3.23|15,591
3794|LAFMSIA|1.870|1.860|1.900|+0.030|+1.60|3,437
0018|LAMBO|0.135|0.130|0.135|0.000|0.00|20,446
1643|LANDMRK|0.500|0.485|0.470|-0.030|-6.00|8,942
7006|LATITUD|3.980|3.850|3.950|-0.030|-0.75|29
9385|LAYHONG|0.410|0.405|0.410|0.000|0.00|82,086
9385WA|LAYHONG-WA|0.175|0.175|0.180|+0.005|+2.86|36,234
9326|LBALUM|0.475|0.475|0.500|+0.025|+5.26|240
8494|LBICAP|0.755|0.760|0.765|+0.010|+1.32|1,323
5789|LBS|0.680|0.680|0.680|0.000|0.00|4,202
5789PA|LBS-PA|0.840|0.000|0.000|0.000|0.00|0
5789WB|LBS-WB|0.245|0.225|0.245|0.000|0.00|140
5284|LCTITAN|4.340|4.310|4.340|0.000|0.00|2,574
9628|LEBTECH|0.860|0.000|0.000|0.000|0.00|0
8079|LEESK|0.945|0.935|0.930|-0.015|-1.59|434
5232|LEONFB|0.490|0.495|0.490|0.000|0.00|2,130
8745|LEWEKO|0.150|0.150|0.155|+0.005|+3.33|1,405
8745WB|LEWEKO-WB|0.055|0.000|0.000|0.000|0.00|0
7170|LFECORP|0.110|0.000|0.000|0.000|0.00|0
3573|LIENHOE|0.280|0.275|0.280|0.000|0.00|2,857
7089|LIIHEN|2.830|2.830|2.790|-0.040|-1.41|3,077
8486|LIONFIB|0.410|0.470|0.480|+0.070|+17.07|2,101
4235|LIONIND|0.505|0.500|0.515|+0.010|+1.98|37,940
6645|LITRAK|4.200|4.150|4.280|+0.080|+1.90|2,936
0182|LKL|0.110|0.105|0.110|0.000|0.00|500
7126|LONBISC|0.450|0.460|0.470|+0.020|+4.44|79,137
7126WA|LONBISC-WA|0.040|0.040|0.045|+0.005|+12.50|1,632
8621|LPI|16.300|16.360|16.320|+0.020|+0.12|431
9881|LSTEEL|0.270|0.260|0.265|-0.005|-1.85|468
7085|LTKM|1.310|1.300|1.350|+0.040|+3.05|552
5068|LUSTER|0.080|0.080|0.080|0.000|0.00|10,011
5068WA|LUSTER-WA|0.035|0.000|0.000|0.000|0.00|0
5068WB|LUSTER-WB|0.040|0.000|0.000|0.000|0.00|0
5143|LUXCHEM|0.550|0.555|0.560|+0.010|+1.82|580
0075|LYC|0.335|0.340|0.330|-0.005|-1.49|878
9199|LYSAGHT|2.650|2.600|2.690|+0.040|+1.51|30
5078|M&G|0.075|0.070|0.070|-0.005|-6.67|10
0017|M3TECH|0.045|0.045|0.045|0.000|0.00|61,171
0017WA|M3TECH-WA|0.005|0.000|0.000|0.000|0.00|0
1198|MAA|0.900|1.020|1.000|+0.100|+11.11|112,874
7617|MAGNA|0.880|0.870|0.885|+0.005|+0.57|120
7617WB|MAGNA-WB|0.180|0.180|0.180|0.000|0.00|200
7087|MAGNI|4.530|4.520|4.550|+0.020|+0.44|266
3859|MAGNUM|2.410|2.390|2.460|+0.050|+2.07|24,797
8583|MAHSING|1.000|1.000|0.960|-0.040|-4.00|27,986
858317|MAHSING-C17|0.040|0.000|0.000|0.000|0.00|0
858318|MAHSING-C18|0.030|0.000|0.000|0.000|0.00|0
858319|MAHSING-C19|0.035|0.000|0.000|0.000|0.00|0
8583WC|MAHSING-WC|0.020|0.020|0.020|0.000|0.00|6,451
5264|MALAKOF|0.890|0.895|0.900|+0.010|+1.12|30,498
526412|MALAKOFC12|0.005|0.000|0.000|0.000|0.00|0
526413|MALAKOFC13|0.010|0.000|0.000|0.000|0.00|0
526414|MALAKOFC14|0.025|0.000|0.000|0.000|0.00|0
526415|MALAKOFC15|0.035|0.000|0.000|0.000|0.00|0
526416|MALAKOFC16|0.030|0.025|0.025|-0.005|-16.67|290
526417|MALAKOFC17|0.090|0.000|0.000|0.000|0.00|0
526418|MALAKOFC18|0.055|0.055|0.055|0.000|0.00|850
526419|MALAKOFC19|0.115|0.115|0.115|0.000|0.00|4,000
526420|MALAKOFC20|0.150|0.085|0.085|-0.065|-43.33|100
526421|MALAKOFC21|0.150|0.000|0.000|0.000|0.00|0
4936|MALPAC|0.860|0.000|0.000|0.000|0.00|0
6181|MALTON|0.485|0.485|0.490|+0.005|+1.03|30,605
1058|MANULFE|2.590|2.600|2.590|0.000|0.00|10
3514|MARCO|0.120|0.120|0.120|0.000|0.00|950
5098|MASTEEL|0.425|0.415|0.440|+0.015|+3.53|32,086
7029|MASTER|0.645|0.645|0.640|-0.005|-0.78|681
0189|MATANG|0.070|0.070|0.075|+0.005|+7.14|13,283
5236|MATRIX|1.970|1.960|1.970|0.000|0.00|2,857
5236WA|MATRIX-WA|0.145|0.130|0.145|0.000|0.00|394
6012|MAXIS|5.370|5.370|5.390|+0.020|+0.37|49,771
6012C8|MAXIS-C8|0.065|0.000|0.000|0.000|0.00|0
6012C9|MAXIS-C9|0.050|0.000|0.000|0.000|0.00|0
5189|MAXWELL|0.010|0.000|0.000|0.000|0.00|0
5189WA|MAXWELL-WA|0.005|0.000|0.000|0.000|0.00|0
1155|MAYBANK|9.530|9.580|9.530|0.000|0.00|159,945
115543|MAYBANKC43|0.090|0.085|0.085|-0.005|-5.56|300
115544|MAYBANKC44|0.025|0.000|0.000|0.000|0.00|0
115545|MAYBANKC45|0.065|0.000|0.000|0.000|0.00|0
115546|MAYBANKC46|0.020|0.000|0.000|0.000|0.00|0
115547|MAYBANKC47|0.035|0.000|0.000|0.000|0.00|0
115548|MAYBANKC48|0.035|0.030|0.025|-0.010|-28.57|1,960
115549|MAYBANKC49|0.125|0.000|0.000|0.000|0.00|0
115550|MAYBANKC50|0.115|0.110|0.110|-0.005|-4.35|1,200
115551|MAYBANKC51|0.115|0.105|0.110|-0.005|-4.35|6,230
115552|MAYBANKC52|0.050|0.050|0.050|0.000|0.00|3,937
115553|MAYBANKC53|0.150|0.000|0.000|0.000|0.00|0
5077|MAYBULK|0.605|0.605|0.630|+0.025|+4.13|16,934
5886|MBG|0.800|0.000|0.000|0.000|0.00|0
5152|MBL|1.050|1.030|1.060|+0.010|+0.95|1,818
5152WA|MBL-WA|0.305|0.305|0.305|0.000|0.00|100
5983|MBMR|2.750|2.760|2.710|-0.040|-1.45|3,207
1171|MBSB|1.040|1.020|1.010|-0.030|-2.88|64,353
117115|MBSB-C15|0.025|0.000|0.000|0.000|0.00|0
117116|MBSB-C16|0.075|0.065|0.065|-0.010|-13.33|1,000
117117|MBSB-C17|0.075|0.065|0.055|-0.020|-26.67|11,242
117118|MBSB-C18|0.070|0.060|0.060|-0.010|-14.29|14,300
117119|MBSB-C19|0.070|0.000|0.000|0.000|0.00|0
117120|MBSB-C20|0.035|0.000|0.000|0.000|0.00|0
7189|MBWORLD|1.690|1.610|1.610|-0.080|-4.73|1
7004|MCEHLDG|0.590|0.520|0.590|0.000|0.00|55
0167|MCLEAN|0.105|0.110|0.110|+0.005|+4.76|100
0167WB|MCLEAN-WB|0.015|0.000|0.000|0.000|0.00|0
5182|MCT|0.660|0.000|0.000|0.000|0.00|0
5040|MEDAINC|0.290|0.290|0.300|+0.010|+3.45|24,928
5040WA|MEDAINC-WA|0.095|0.000|0.000|0.000|0.00|0
5040WB|MEDAINC-WB|0.025|0.025|0.025|0.000|0.00|10
5040WC|MEDAINC-WC|0.025|0.000|0.000|0.000|0.00|0
4502|MEDIA|0.480|0.465|0.475|-0.005|-1.04|51,117
5090|MEDIAC|0.220|0.220|0.220|0.000|0.00|4,566
0081|MEGASUN|0.160|0.000|0.000|0.000|0.00|0
0081WA|MEGASUN-WA|0.065|0.000|0.000|0.000|0.00|0
5129|MELATI|0.500|0.490|0.475|-0.025|-5.00|150
3778|MELEWAR|0.135|0.135|0.125|-0.010|-7.41|6,136
3778WB|MELEWAR-WB|0.050|0.050|0.045|-0.005|-10.00|1,154
1694|MENANG|0.365|0.000|0.000|0.000|0.00|0
1694WB|MENANG-WB|0.005|0.005|0.005|0.000|0.00|9,609
0577C2|MENGNIU-C2|0.175|0.160|0.165|-0.010|-5.71|11,416
5223|MENTIGA|0.510|0.000|0.000|0.000|0.00|0
8192|MERCURY|0.860|0.000|0.000|0.000|0.00|0
5006|MERGE|1.100|1.100|1.120|+0.020|+1.82|3,256
7234|MESB|0.265|0.290|0.270|+0.005|+1.89|610
7234WA|MESB-WA|0.090|0.085|0.085|-0.005|-5.56|1,243
0826EA|METFAPA|1.040|0.000|0.000|0.000|0.00|0
0825EA|METFSID|0.842|0.000|0.000|0.000|0.00|0
0827EA|METFUS50|1.030|0.000|0.000|0.000|0.00|0
6149|METROD|1.750|1.700|1.700|-0.050|-2.86|30
3069|MFCB|3.840|3.880|3.850|+0.010|+0.26|1,129
3069WA|MFCB-WA|1.640|1.640|1.620|-0.020|-1.22|570
03015|MFGROUP|0.220|0.000|0.000|0.000|0.00|0
3662|MFLOUR|0.585|0.590|0.610|+0.025|+4.27|103,762
3662LA|MFLOUR-LA|1.150|1.150|1.190|+0.040|+3.48|959
3662WC|MFLOUR-WC|0.200|0.200|0.205|+0.005|+2.50|35,710
7595|MGB|0.725|0.725|0.735|+0.010|+1.38|865
7595WA|MGB-WA|0.220|0.000|0.000|0.000|0.00|0
0155|MGRC|0.255|0.000|0.000|0.000|0.00|0
5186|MHB|0.745|0.735|0.755|+0.010|+1.34|16,289
518613|MHB-C13|0.030|0.000|0.000|0.000|0.00|0
5026|MHC|0.610|0.000|0.000|0.000|0.00|0
03005|MHCARE|0.480|0.000|0.000|0.000|0.00|0
5286|MI|2.360|2.360|2.360|0.000|0.00|2,047
5286CA|MI-CA|0.090|0.000|0.000|0.000|0.00|0
5286CB|MI-CB|0.045|0.045|0.045|0.000|0.00|1,200
5286CC|MI-CC|0.080|0.000|0.000|0.000|0.00|0
5286CD|MI-CD|0.160|0.000|0.000|0.000|0.00|0
5286CE|MI-CE|0.150|0.000|0.000|0.000|0.00|0
5286CF|MI-CF|0.125|0.000|0.000|0.000|0.00|0
0126|MICROLN|0.405|0.405|0.450|+0.045|+11.11|210
5001|MIECO|0.270|0.265|0.265|-0.005|-1.85|4,060
0112|MIKROMB|0.245|0.245|0.265|+0.020|+8.16|19,472
7935|MILUX|0.680|0.720|0.720|+0.040|+5.88|50
5166|MINDA|0.050|0.050|0.050|0.000|0.00|1,830
7219|MINETEC|0.055|0.050|0.045|-0.010|-18.18|18,221
7219WA|MINETEC-WA|0.005|0.000|0.000|0.000|0.00|0
5576|MINHO|0.285|0.285|0.300|+0.015|+5.26|2,271
5576WC|MINHO-WC|0.065|0.000|0.000|0.000|0.00|0
3816|MISC|6.900|6.840|6.890|-0.010|-0.14|13,001
381619|MISC-C19|0.180|0.000|0.000|0.000|0.00|0
381620|MISC-C20|0.105|0.000|0.000|0.000|0.00|0
381621|MISC-C21|0.160|0.000|0.000|0.000|0.00|0
9571|MITRA|0.320|0.320|0.340|+0.020|+6.25|18,842
9571WD|MITRA-WD|0.030|0.030|0.035|+0.005|+16.67|1,070
9571WE|MITRA-WE|0.075|0.070|0.070|-0.005|-6.67|3
8141|MJPERAK|0.230|0.220|0.230|0.000|0.00|251
6114|MKH|1.250|1.250|1.250|0.000|0.00|1,728
8893|MKLAND|0.200|0.200|0.195|-0.005|-2.50|1,226
0085|MLAB|0.040|0.040|0.040|0.000|0.00|2,044
0085WA|MLAB-WA|0.010|0.005|0.010|0.000|0.00|1,600
0085WB|MLAB-WB|0.005|0.005|0.005|0.000|0.00|2,450
0034|MMAG|0.255|0.230|0.240|-0.015|-5.88|900
0034PA|MMAG-PA|0.095|0.090|0.090|-0.005|-5.26|2,360
0034WB|MMAG-WB|0.075|0.000|0.000|0.000|0.00|0
2194|MMCCORP|1.070|1.120|1.040|-0.030|-2.80|58,883
0113|MMSV|0.965|0.960|0.975|+0.010|+1.04|2,883
0103|MNC|0.040|0.040|0.040|0.000|0.00|25,940
0103WA|MNC-WA|0.010|0.010|0.010|0.000|0.00|35,800
6459|MNRB|1.240|1.070|1.040|-0.200|-16.13|109,306
0156|MPAY|0.115|0.115|0.125|+0.010|+8.70|35,164
6548|MPCORP|0.045|0.000|0.000|0.000|0.00|0
5237|MPHBCAP|1.100|1.070|1.080|-0.020|-1.82|817
3867|MPI|9.850|9.950|9.920|+0.070|+0.71|1,527
5123|MQREIT|1.110|1.110|1.090|-0.020|-1.80|633
0070|MQTECH|0.030|0.025|0.030|0.000|0.00|11,030
0070WA|MQTECH-WA|0.010|0.005|0.005|-0.005|-50.00|5,000
1651|MRCB|0.780|0.785|0.785|+0.005|+0.64|58,819
165134|MRCB-C34|0.010|0.000|0.000|0.000|0.00|0
165135|MRCB-C35|0.005|0.000|0.000|0.000|0.00|0
165136|MRCB-C36|0.055|0.055|0.050|-0.005|-9.09|1,800
165137|MRCB-C37|0.080|0.075|0.080|0.000|0.00|19,100
165138|MRCB-C38|0.060|0.060|0.060|0.000|0.00|5,000
165139|MRCB-C39|0.120|0.120|0.120|0.000|0.00|6,200
165140|MRCB-C40|0.170|0.155|0.165|-0.005|-2.94|25,660
165141|MRCB-C41|0.130|0.120|0.130|0.000|0.00|6,600
165142|MRCB-C42|0.055|0.055|0.055|0.000|0.00|39,500
1651WB|MRCB-WB|0.235|0.235|0.230|-0.005|-2.13|7,636
5916|MSC|0.840|0.835|0.835|-0.005|-0.60|1,220
5202|MSM|2.150|2.120|2.100|-0.050|-2.33|521
5011|MSNIAGA|1.780|1.770|1.650|-0.130|-7.30|3,216
5150|MSPORTS|0.010|0.000|0.000|0.000|0.00|0
5924|MTDACPI|0.155|0.000|0.000|0.000|0.00|0
0092|MTOUCHE|0.060|0.060|0.060|0.000|0.00|350
0092WB|MTOUCHE-WB|0.025|0.000|0.000|0.000|0.00|0
0092WC|MTOUCHE-WC|0.015|0.000|0.000|0.000|0.00|0
0043|MTRONIC|0.110|0.100|0.110|0.000|0.00|1,721
3883|MUDA|1.890|1.880|1.890|0.000|0.00|14,469
5085|MUDAJYA|0.280|0.280|0.290|+0.010|+3.57|7,718
9539|MUH|0.420|0.000|0.000|0.000|0.00|0
5703|MUHIBAH|2.990|3.010|3.000|+0.010|+0.33|2,433
3891|MUIIND|0.175|0.175|0.170|-0.005|-2.86|22,011
3913|MUIPROP|0.190|0.185|0.185|-0.005|-2.63|12,438
3905|MULPHA|2.370|2.420|2.450|+0.080|+3.38|7,366
5087|MYCRON|0.265|0.265|0.265|0.000|0.00|20
5087WA|MYCRON-WA|0.110|0.000|0.000|0.000|0.00|0
0138|MYEG|1.010|1.010|1.020|+0.010|+0.99|257,107
013844|MYEG-C44|0.065|0.065|0.070|+0.005|+7.69|750
013846|MYEG-C46|0.010|0.000|0.000|0.000|0.00|0
013847|MYEG-C47|0.015|0.000|0.000|0.000|0.00|0
013848|MYEG-C48|0.005|0.000|0.000|0.000|0.00|0
013849|MYEG-C49|0.005|0.000|0.000|0.000|0.00|0
013850|MYEG-C50|0.055|0.000|0.000|0.000|0.00|0
013851|MYEG-C51|0.005|0.000|0.000|0.000|0.00|0
013852|MYEG-C52|0.005|0.000|0.000|0.000|0.00|0
013853|MYEG-C53|0.010|0.000|0.000|0.000|0.00|0
013854|MYEG-C54|0.005|0.000|0.000|0.000|0.00|0
013855|MYEG-C55|0.060|0.060|0.060|0.000|0.00|2,445
013856|MYEG-C56|0.230|0.225|0.230|0.000|0.00|6,300
013857|MYEG-C57|0.110|0.110|0.115|+0.005|+4.55|20,079
013858|MYEG-C58|0.065|0.065|0.070|+0.005|+7.69|13,570
013859|MYEG-C59|0.110|0.110|0.110|0.000|0.00|18,150
013860|MYEG-C60|0.115|0.120|0.115|0.000|0.00|4
013861|MYEG-C61|0.075|0.000|0.000|0.000|0.00|0
013862|MYEG-C62|0.150|0.000|0.000|0.000|0.00|0
013863|MYEG-C63|0.150|0.000|0.000|0.000|0.00|0
0821EA|MYETFDJ|1.135|0.000|0.000|0.000|0.00|0
0824EA|MYETFID|1.175|1.165|1.165|-0.010|-0.85|144
03010|MYKRIS|0.300|0.000|0.000|0.000|0.00|0
5275|MYNEWS|1.360|1.360|1.360|0.000|0.00|343
0108|N2N|0.895|0.890|0.890|-0.005|-0.56|2,256
0108WB|N2N-WB|0.245|0.245|0.245|0.000|0.00|500
0206|NADIBHD|0.260|0.265|0.260|0.000|0.00|37,729
5073|NAIM|0.880|0.880|0.940|+0.060|+6.82|105,947
9806|NATWIDE|0.320|0.000|0.000|0.000|0.00|0
4707|NESTLE|148.000|148.000|149.400|+1.400|+0.95|175
4707CE|NESTLE-CE|0.050|0.055|0.050|0.000|0.00|200
0020|NETX|0.020|0.015|0.020|0.000|0.00|60,817
0020WB|NETX-WB|0.005|0.000|0.000|0.000|0.00|0
0096|NEXGRAM|0.020|0.015|0.020|0.000|0.00|530
0096WA|NEXGRAM-WA|0.005|0.000|0.000|0.000|0.00|0
0096WB|NEXGRAM-WB|0.005|0.000|0.000|0.000|0.00|0
0096WC|NEXGRAM-WC|0.005|0.005|0.005|0.000|0.00|3,000
7241|NGGB|0.480|0.480|0.470|-0.010|-2.08|14,116
7241WA|NGGB-WA|0.190|0.200|0.190|0.000|0.00|7,404
7060|NHFATT|2.850|0.000|0.000|0.000|0.00|0
7139|NICE|0.035|0.000|0.000|0.000|0.00|0
7139WB|NICE-WB|0.010|0.000|0.000|0.000|0.00|0
7215|NIHSIN|0.255|0.255|0.270|+0.015|+5.88|25,597
0083|NOTION|0.565|0.570|0.585|+0.020|+3.54|12,112
0083WC|NOTION-WC|0.260|0.245|0.255|-0.005|-1.92|374
0201|NOVA|0.505|0.500|0.500|-0.005|-0.99|4,790
0026|NOVAMSC|0.115|0.115|0.125|+0.010|+8.70|73,281
5047|NPC|2.000|0.000|0.000|0.000|0.00|0
03006|NPS|0.230|0.000|0.000|0.000|0.00|0
2038|NSOP|3.300|0.000|0.000|0.000|0.00|0
5066|NTPM|0.500|0.000|0.000|0.000|0.00|0
5025|NWP|0.065|0.065|0.065|0.000|0.00|1,500
4944|NYLEX|0.675|0.670|0.660|-0.015|-2.22|421
5533|OCB|0.390|0.000|0.000|0.000|0.00|0
0172|OCK|0.555|0.555|0.570|+0.015|+2.70|59,982
0172WA|OCK-WA|0.095|0.090|0.095|0.000|0.00|21,093
0049|OCNCASH|0.395|0.395|0.395|0.000|0.00|1,875
7071|OCR|0.240|0.225|0.245|+0.005|+2.08|4,027
7071PA|OCR-PA|0.030|0.020|0.020|-0.010|-33.33|30,434
7071WC|OCR-WC|0.035|0.000|0.000|0.000|0.00|0
7071WD|OCR-WD|0.055|0.050|0.055|0.000|0.00|18,823
7107|OFI|0.775|0.760|0.765|-0.010|-1.29|1,620
5827|OIB|2.050|0.000|0.000|0.000|0.00|0
7140|OKA|0.615|0.630|0.630|+0.015|+2.44|39
3018|OLYMPIA|0.110|0.105|0.110|0.000|0.00|21,730
9008|OMESTI|0.385|0.370|0.370|-0.015|-3.90|450
0035|OPCOM|0.625|0.615|0.650|+0.025|+4.00|8,656
0040|OPENSYS|0.325|0.325|0.330|+0.005|+1.54|17,109
4006|ORIENT|6.750|6.880|6.820|+0.070|+1.04|704
0079|ORION|0.165|0.165|0.175|+0.010|+6.06|85,226
0079WA|ORION-WA|0.080|0.080|0.085|+0.005|+6.25|21,486
5065|ORNA|1.010|1.000|1.000|-0.010|-0.99|50
5053|OSK|0.965|0.965|0.980|+0.015|+1.55|1,644
5053WC|OSK-WC|0.050|0.050|0.050|0.000|0.00|2,243
0053|OSKVI|0.475|0.000|0.000|0.000|0.00|0
0153|OVERSEA|0.130|0.000|0.000|0.000|0.00|0
5260|OWG|0.630|0.625|0.635|+0.005|+0.79|9,466
5260WA|OWG-WA|0.170|0.165|0.175|+0.005|+2.94|8,403
6009|P&O|1.000|1.000|1.010|+0.010|+1.00|439
7225|PA|0.060|0.055|0.055|-0.005|-8.33|10,762
7225WB|PA-WB|0.035|0.035|0.035|0.000|0.00|890
7052|PADINI|3.850|3.830|3.790|-0.060|-1.56|29,408
7052CV|PADINI-CV|0.005|0.000|0.000|0.000|0.00|0
7052CW|PADINI-CW|0.010|0.000|0.000|0.000|0.00|0
7052CX|PADINI-CX|0.150|0.000|0.000|0.000|0.00|0
7052CY|PADINI-CY|0.110|0.095|0.095|-0.015|-13.64|2,130
7052CZ|PADINI-CZ|0.125|0.000|0.000|0.000|0.00|0
3719|PANAMY|38.100|38.000|38.100|0.000|0.00|1,411
0041|PANPAGE|0.230|0.230|0.230|0.000|0.00|452
8419|PANSAR|0.850|0.850|0.835|-0.015|-1.76|7,422
8419WA|PANSAR-WA|0.300|0.315|0.320|+0.020|+6.67|4,737
5125|PANTECH|0.540|0.535|0.565|+0.025|+4.63|30,774
5125WA|PANTECH-WA|0.115|0.100|0.125|+0.010|+8.70|4,126
5125WB|PANTECH-WB|0.140|0.125|0.145|+0.005|+3.57|1,798
5022|PAOS|0.325|0.360|0.330|+0.005|+1.54|350
5022WA|PAOS-WA|0.065|0.045|0.050|-0.015|-23.08|1,963
9407|PARAGON|0.270|0.000|0.000|0.000|0.00|0
1724|PARAMON|2.150|2.170|2.150|0.000|0.00|475
5657|PARKSON|0.240|0.235|0.240|0.000|0.00|7,355
0022|PARLO|0.085|0.085|0.080|-0.005|-5.88|1,610
6912|PASDEC|0.395|0.370|0.395|0.000|0.00|842
6912WA|PASDEC-WA|0.070|0.075|0.075|+0.005|+7.14|1,002
0177|PASUKGB|0.060|0.060|0.055|-0.005|-8.33|5,400
5212|PAVREIT|1.740|1.740|1.720|-0.020|-1.15|11,706
5041|PBA|1.250|1.120|1.140|-0.110|-8.80|8,242
1295|PBBANK|25.000|25.040|25.020|+0.020|+0.08|52,920
129526|PBBANK-C26|0.050|0.000|0.000|0.000|0.00|0
129527|PBBANK-C27|0.040|0.040|0.040|0.000|0.00|260
129528|PBBANK-C28|0.105|0.000|0.000|0.000|0.00|0
129529|PBBANK-C29|0.205|0.000|0.000|0.000|0.00|0
129530|PBBANK-C30|0.125|0.000|0.000|0.000|0.00|0
129531|PBBANK-C31|0.180|0.000|0.000|0.000|0.00|0
6068|PCCS|0.260|0.260|0.295|+0.035|+13.46|47,919
6068WA|PCCS-WA|0.060|0.060|0.075|+0.015|+25.00|23,199
5183|PCHEM|9.220|9.220|9.270|+0.050|+0.54|44,624
518322|PCHEM-C22|0.030|0.000|0.000|0.000|0.00|0
518323|PCHEM-C23|0.015|0.000|0.000|0.000|0.00|0
518324|PCHEM-C24|0.020|0.000|0.000|0.000|0.00|0
518325|PCHEM-C25|0.070|0.000|0.000|0.000|0.00|0
518326|PCHEM-C26|0.115|0.120|0.120|+0.005|+4.35|3
518327|PCHEM-C27|0.135|0.000|0.000|0.000|0.00|0
518328|PCHEM-C28|0.145|0.000|0.000|0.000|0.00|0
518329|PCHEM-C29|0.150|0.000|0.000|0.000|0.00|0
518330|PCHEM-C30|0.150|0.000|0.000|0.000|0.00|0
6254|PDZ|0.040|0.035|0.035|-0.005|-12.50|2,000
6254WB|PDZ-WB|0.010|0.010|0.010|0.000|0.00|2,000
5622|PEB|0.830|0.835|0.825|-0.005|-0.60|407
5271|PECCA|0.940|0.975|0.960|+0.020|+2.13|8,635
5231|PELIKAN|0.345|0.360|0.370|+0.025|+7.25|210
5133|PENERGY|0.770|0.775|0.905|+0.135|+17.53|69,092
9997|PENSONI|0.365|0.370|0.390|+0.025|+6.85|86
9997WB|PENSONI-WB|0.110|0.110|0.120|+0.010|+9.09|1,210
7160|PENTA|3.380|3.380|3.380|0.000|0.00|9,322
7108|PERDANA|0.275|0.275|0.295|+0.020|+7.27|383,101
0047|PERISAI|0.005|0.000|0.000|0.000|0.00|0
7080|PERMAJU|0.365|0.360|0.405|+0.040|+10.96|238,137
5436|PERSTIM|4.850|0.000|0.000|0.000|0.00|0
8311|PESONA|0.200|0.200|0.205|+0.005|+2.50|7,319
8311WC|PESONA-WC|0.045|0.000|0.000|0.000|0.00|0
5219|PESTECH|1.150|1.140|1.160|+0.010|+0.87|1,995
5219CF|PESTECH-CF|0.005|0.000|0.000|0.000|0.00|0
5681|PETDAG|26.700|26.360|26.700|0.000|0.00|2,452
5681CW|PETDAG-CW|0.020|0.000|0.000|0.000|0.00|0
5681CX|PETDAG-CX|0.085|0.095|0.095|+0.010|+11.76|6
6033|PETGAS|17.860|18.000|17.780|-0.080|-0.45|3,067
6033CR|PETGAS-CR|0.035|0.025|0.025|-0.010|-28.57|3
6033CS|PETGAS-CS|0.035|0.025|0.025|-0.010|-28.57|10
3042|PETRONM|6.620|6.620|6.610|-0.010|-0.15|1,888
3042CS|PETRONM-CS|0.035|0.000|0.000|0.000|0.00|0
3611|PGLOBE|1.070|0.000|0.000|0.000|0.00|0
3611WA|PGLOBE-WA|0.110|0.000|0.000|0.000|0.00|0
7081|PHARMA|2.400|2.390|2.350|-0.050|-2.08|4,156
4464|PHB|0.020|0.020|0.020|0.000|0.00|4,900
7201|PICORP|0.130|0.125|0.130|0.000|0.00|1,576
7095|PIE|1.620|1.610|1.630|+0.010|+0.62|1,974
0006|PINEAPP|0.300|0.000|0.000|0.000|0.00|0
1902|PINEPAC|0.310|0.290|0.320|+0.010|+3.23|150
0527C2|PINGAN-C2|0.075|0.000|0.000|0.000|0.00|0
0527C3|PINGAN-C3|0.385|0.390|0.410|+0.025|+6.49|9,014
7163|PJBUMI|0.260|0.255|0.285|+0.025|+9.62|692
7163WA|PJBUMI-WA|0.080|0.080|0.080|0.000|0.00|200
0171|PLABS|0.325|0.320|0.310|-0.015|-4.62|15,989
7055|PLB|1.150|1.130|1.230|+0.080|+6.96|178
5075|PLENITU|1.480|0.000|0.000|0.000|0.00|0
9695|PLS|0.940|0.940|1.000|+0.060|+6.38|2,660
7172|PMBTECH|3.200|3.200|3.190|-0.010|-0.31|270
7172LA|PMBTECH-LA|3.180|0.000|0.000|0.000|0.00|0
7172WA|PMBTECH-WA|1.450|0.000|0.000|0.000|0.00|0
4081|PMCORP|0.145|0.145|0.140|-0.005|-3.45|10,200
8869|PMETAL|4.230|4.170|4.200|-0.030|-0.71|12,569
886915|PMETAL-C15|0.035|0.035|0.035|0.000|0.00|300
886916|PMETAL-C16|0.005|0.000|0.000|0.000|0.00|0
886917|PMETAL-C17|0.030|0.000|0.000|0.000|0.00|0
886918|PMETAL-C18|0.120|0.000|0.000|0.000|0.00|0
886919|PMETAL-C19|0.070|0.000|0.000|0.000|0.00|0
886920|PMETAL-C20|0.025|0.020|0.020|-0.005|-20.00|2,000
886921|PMETAL-C21|0.040|0.000|0.000|0.000|0.00|0
886922|PMETAL-C22|0.035|0.000|0.000|0.000|0.00|0
886923|PMETAL-C23|0.180|0.180|0.180|0.000|0.00|200
886924|PMETAL-C24|0.070|0.000|0.000|0.000|0.00|0
886925|PMETAL-C25|0.150|0.000|0.000|0.000|0.00|0
8869WC|PMETAL-WC|3.800|3.790|3.790|-0.010|-0.26|50
1287|PMHLDG|0.055|0.055|0.055|0.000|0.00|115,277
6637|PNEPCB|0.500|0.000|0.000|0.000|0.00|0
5080|POHKONG|0.500|0.500|0.490|-0.010|-2.00|200
7088|POHUAT|1.580|1.570|1.570|-0.010|-0.63|839
7088WB|POHUAT-WB|0.540|0.545|0.565|+0.025|+4.63|189
8117|POLY|0.440|0.430|0.440|0.000|0.00|847
03007|POLYMER|0.170|0.000|0.000|0.000|0.00|0
4634|POS|1.920|1.920|1.890|-0.030|-1.56|22,574
463421|POS-C21|0.005|0.000|0.000|0.000|0.00|0
463422|POS-C22|0.005|0.000|0.000|0.000|0.00|0
463423|POS-C23|0.015|0.000|0.000|0.000|0.00|0
463424|POS-C24|0.005|0.000|0.000|0.000|0.00|0
463425|POS-C25|0.005|0.000|0.000|0.000|0.00|0
463426|POS-C26|0.005|0.000|0.000|0.000|0.00|0
463427|POS-C27|0.010|0.005|0.005|-0.005|-50.00|149
463428|POS-C28|0.010|0.000|0.000|0.000|0.00|0
463429|POS-C29|0.040|0.040|0.040|0.000|0.00|500
463430|POS-C30|0.060|0.055|0.055|-0.005|-8.33|300
463431|POS-C31|0.090|0.090|0.085|-0.005|-5.56|38,900
463432|POS-C32|0.050|0.050|0.045|-0.005|-10.00|2,800
463433|POS-C33|0.130|0.145|0.130|0.000|0.00|4,179
4065|PPB|18.360|18.400|18.500|+0.140|+0.76|3,319
4065CJ|PPB-CJ|0.125|0.000|0.000|0.000|0.00|0
7190|PPG|0.410|0.410|0.415|+0.005|+1.22|520
8273|PPHB|0.550|0.545|0.555|+0.005|+0.91|2,742
5204|PRESBHD|0.380|0.375|0.395|+0.015|+3.95|130,220
9873|PRESTAR|0.580|0.580|0.570|-0.010|-1.72|1,081
7168|PRG|0.750|0.745|0.750|0.000|0.00|3,986
7168WA|PRG-WA|0.340|0.335|0.335|-0.005|-1.47|2,340
0123|PRIVA|0.060|0.060|0.070|+0.010|+16.67|35,707
8346|PRKCORP|0.405|0.415|0.395|-0.010|-2.47|130
8966|PRLEXUS|0.575|0.565|0.565|-0.010|-1.74|211
8966WA|PRLEXUS-WA|0.090|0.085|0.090|0.000|0.00|280
5070|PRTASCO|0.230|0.225|0.245|+0.015|+6.52|23,367
5070WA|PRTASCO-WA|0.050|0.055|0.055|+0.005|+10.00|1,204
7145|PSIPTEK|0.130|0.125|0.130|0.000|0.00|1,127
7145WA|PSIPTEK-WA|0.030|0.025|0.025|-0.005|-16.67|500
9598|PTARAS|2.280|2.260|2.260|-0.020|-0.88|252
0038|PTB|0.130|0.130|0.140|+0.010|+7.69|1,278
0186|PTRANS|0.235|0.235|0.235|0.000|0.00|50,675
0186WA|PTRANS-WA|0.060|0.055|0.060|0.000|0.00|6,702
0007|PUC|0.095|0.100|0.100|+0.005|+5.26|266,700
0007WA|PUC-WA|0.065|0.065|0.070|+0.005|+7.69|6,411
6807|PUNCAK|0.365|0.360|0.370|+0.005|+1.37|1,634
7134|PWF|0.845|0.890|0.890|+0.045|+5.33|100
7134WA|PWF-WA|0.390|0.000|0.000|0.000|0.00|0
7123|PWORTH|0.040|0.040|0.045|+0.005|+12.50|48,011
7237|PWROOT|1.460|1.450|1.450|-0.010|-0.68|20,115
7237WA|PWROOT-WA|0.290|0.285|0.285|-0.005|-1.72|10
0196|QES|0.230|0.225|0.235|+0.005|+2.17|59,880
7084|QL|6.900|6.970|6.830|-0.070|-1.01|7,903
7084CL|QL-CL|0.060|0.000|0.000|0.000|0.00|0
7084CM|QL-CM|0.075|0.065|0.065|-0.010|-13.33|250
7084CN|QL-CN|0.090|0.090|0.090|0.000|0.00|150
7544|QUALITY|0.815|0.000|0.000|0.000|0.00|0
7498|RALCO|0.190|0.280|0.280|+0.090|+47.37|2
7498WB|RALCO-WB|0.025|0.010|0.015|-0.010|-40.00|3,067
5272|RANHILL|1.340|1.280|1.340|0.000|0.00|34,267
7765|RAPID|5.940|5.760|5.940|0.000|0.00|23,724
9296|RCECAP|1.680|1.670|1.670|-0.010|-0.60|5,122
5256|REACH|0.295|0.280|0.295|0.000|0.00|74,858
5256WA|REACH-WA|0.065|0.065|0.065|0.000|0.00|155,932
03002|REDIDEA|0.280|0.000|0.000|0.000|0.00|0
0032|REDTONE|0.200|0.200|0.215|+0.015|+7.50|200
0032LA|REDTONE-LA|0.130|0.000|0.000|0.000|0.00|0
7232|RESINTC|0.325|0.000|0.000|0.000|0.00|0
0173|REV|0.200|0.000|0.000|0.000|0.00|0
0200|REVENUE|1.180|1.180|1.240|+0.060|+5.08|13,698
0200WA|REVENUE-WA|0.410|0.405|0.435|+0.025|+6.10|30,954
9946|REX|0.415|0.000|0.000|0.000|0.00|0
0106|REXIT|0.600|0.600|0.600|0.000|0.00|380
0037|RGB|0.210|0.210|0.215|+0.005|+2.38|82,197
9954|RGTBHD|0.185|0.185|0.190|+0.005|+2.70|70,021
9954WB|RGTBHD-WB|0.110|0.110|0.120|+0.010|+9.09|16,812
0202|RGTECH|0.240|0.240|0.245|+0.005|+2.08|19,305
1066|RHBBANK|5.660|5.660|5.690|+0.030|+0.53|59,293
106610|RHBBANKC10|0.090|0.000|0.000|0.000|0.00|0
106611|RHBBANKC11|0.065|0.075|0.065|0.000|0.00|2,562
106612|RHBBANKC12|0.095|0.115|0.100|+0.005|+5.26|2,771
106613|RHBBANKC13|0.075|0.090|0.080|+0.005|+6.67|750
5278|RHONEMA|0.730|0.730|0.780|+0.050|+6.85|71
9741|ROHAS|0.605|0.575|0.550|-0.055|-9.09|14,664
5113|RSAWIT|0.190|0.190|0.185|-0.005|-2.63|523
5270|RSENA|0.505|0.000|0.000|0.000|0.00|0
7803|RUBEREX|0.440|0.430|0.450|+0.010|+2.27|465
2542|RVIEW|3.020|0.000|0.000|0.000|0.00|0
5134|SAB|3.870|3.800|3.750|-0.120|-3.10|50
8567|SALCON|0.240|0.250|0.245|+0.005|+2.08|7,364
8567WB|SALCON-WB|0.070|0.075|0.075|+0.005|+7.14|12,744
0183|SALUTE|0.355|0.365|0.360|+0.005|+1.41|3,795
9822|SAM|8.100|8.150|8.100|0.000|0.00|198
5147|SAMCHEM|0.620|0.610|0.630|+0.010|+1.61|612
9113|SANBUMI|0.335|0.330|0.325|-0.010|-2.99|17,047
0541C9|SANDS-C9|0.115|0.000|0.000|0.000|0.00|0
0133|SANICHI|0.060|0.060|0.060|0.000|0.00|54,845
0133WC|SANICHI-WC|0.005|0.000|0.000|0.000|0.00|0
0133WD|SANICHI-WD|0.005|0.000|0.000|0.000|0.00|0
0133WE|SANICHI-WE|0.015|0.020|0.020|+0.005|+33.33|1,000
7811|SAPIND|0.715|0.000|0.000|0.000|0.00|0
5218|SAPNRG|0.310|0.315|0.315|+0.005|+1.61|1,219,973
5218PA|SAPNRG-PA|0.385|0.385|0.385|0.000|0.00|4
5218WA|SAPNRG-WA|0.100|0.100|0.105|+0.005|+5.00|64,055
521868|SAPNRGC68|0.005|0.000|0.000|0.000|0.00|0
521869|SAPNRGC69|0.010|0.000|0.000|0.000|0.00|0
521870|SAPNRGC70|0.060|0.055|0.055|-0.005|-8.33|5,000
521871|SAPNRGC71|0.005|0.000|0.000|0.000|0.00|0
521872|SAPNRGC72|0.010|0.000|0.000|0.000|0.00|0
521873|SAPNRGC73|0.030|0.030|0.030|0.000|0.00|3,300
521874|SAPNRGC74|0.030|0.000|0.000|0.000|0.00|0
521875|SAPNRGC75|0.085|0.075|0.085|0.000|0.00|5,651
4596|SAPRES|0.650|0.000|0.000|0.000|0.00|0
5252|SASBADI|0.225|0.220|0.220|-0.005|-2.22|12,156
5157|SAUDEE|0.300|0.000|0.000|0.000|0.00|0
5157WA|SAUDEE-WA|0.115|0.000|0.000|0.000|0.00|0
2569|SBAGAN|3.000|0.000|0.000|0.000|0.00|0
5207|SBCCORP|0.510|0.505|0.510|0.000|0.00|110
5170|SCABLE|0.265|0.260|0.250|-0.015|-5.66|5,375
0109|SCBUILD|0.025|0.025|0.025|0.000|0.00|75
0109WB|SCBUILD-WB|0.005|0.000|0.000|0.000|0.00|0
0158|SCC|0.515|0.510|0.510|-0.005|-0.97|398
7247|SCGM|1.190|1.180|1.180|-0.010|-0.84|2,339
7247WA|SCGM-WA|0.090|0.000|0.000|0.000|0.00|0
0161|SCH|0.135|0.130|0.135|0.000|0.00|4,740
0161WA|SCH-WA|0.040|0.040|0.040|0.000|0.00|6,900
9237|SCIB|0.510|0.470|0.470|-0.040|-7.84|50
0099|SCICOM|1.270|1.280|1.290|+0.020|+1.57|319
4731|SCIENTX|8.840|8.800|8.760|-0.080|-0.90|309
4731CF|SCIENTX-CF|0.085|0.000|0.000|0.000|0.00|0
7239|SCNWOLF|0.180|0.000|0.000|0.000|0.00|0
7158|SCOMI|0.040|0.045|0.045|+0.005|+12.50|4,268
7158WB|SCOMI-WB|0.010|0.010|0.010|0.000|0.00|70
7045|SCOMIES|0.055|0.050|0.055|0.000|0.00|15,610
0001|SCOMNET|0.815|0.775|0.750|-0.065|-7.98|45,214
0028|SCOPE|0.155|0.155|0.160|+0.005|+3.23|2,429
0028WA|SCOPE-WA|0.030|0.000|0.000|0.000|0.00|0
2224|SDRED|0.660|0.665|0.660|0.000|0.00|328
7073|SEACERA|0.325|0.325|0.340|+0.015|+4.62|374,350
7073WB|SEACERA-WB|0.005|0.005|0.005|0.000|0.00|1,019
7073WC|SEACERA-WC|0.035|0.040|0.035|0.000|0.00|45,198
4286|SEAL|0.350|0.340|0.340|-0.010|-2.86|350
5145|SEALINK|0.115|0.130|0.120|+0.005|+4.35|4,005
5163|SEB|0.290|0.300|0.300|+0.010|+3.45|50
0178|SEDANIA|0.120|0.000|0.000|0.000|0.00|0
7053|SEEHUP|0.920|0.000|0.000|0.000|0.00|0
03009|SEERS|0.100|0.000|0.000|0.000|0.00|0
9792|SEG|0.640|0.635|0.640|0.000|0.00|620
5250|SEM|1.450|1.440|1.450|0.000|0.00|1,814
5205|SENDAI|0.545|0.545|0.585|+0.040|+7.34|61,455
5279|SERBADK|3.950|3.930|3.920|-0.030|-0.76|17,311
5279CN|SERBADK-CN|0.030|0.000|0.000|0.000|0.00|0
5279CO|SERBADK-CO|0.025|0.000|0.000|0.000|0.00|0
5279CP|SERBADK-CP|0.090|0.000|0.000|0.000|0.00|0
5279CQ|SERBADK-CQ|0.175|0.000|0.000|0.000|0.00|0
5279CR|SERBADK-CR|0.165|0.000|0.000|0.000|0.00|0
5279CS|SERBADK-CS|0.150|0.000|0.000|0.000|0.00|0
7180|SERNKOU|0.545|0.550|0.540|-0.005|-0.92|700
7180WA|SERNKOU-WA|0.250|0.000|0.000|0.000|0.00|0
0055|SERSOL|0.105|0.000|0.000|0.000|0.00|0
0055WA|SERSOL-WA|0.045|0.000|0.000|0.000|0.00|0
7165|SGB|0.700|0.680|0.730|+0.030|+4.29|41
7165PA|SGB-PA|0.210|0.000|0.000|0.000|0.00|0
7165WA|SGB-WA|0.170|0.000|0.000|0.000|0.00|0
5517|SHANG|5.600|5.550|5.600|0.000|0.00|2,572
4316|SHCHAN|0.370|0.440|0.440|+0.070|+18.92|10
7412|SHH|0.500|0.000|0.000|0.000|0.00|0
6017|SHL|2.400|0.000|0.000|0.000|0.00|0
5181|SIGGAS|0.845|0.840|0.840|-0.005|-0.59|671
7246|SIGN|0.380|0.380|0.385|+0.005|+1.32|5,167
7246WA|SIGN-WA|0.060|0.065|0.070|+0.010|+16.67|1,500
4197|SIME|2.170|2.170|2.180|+0.010|+0.46|47,603
419725|SIME-C25|0.030|0.000|0.000|0.000|0.00|0
419727|SIME-C27|0.005|0.005|0.005|0.000|0.00|3,170
419728|SIME-C28|0.015|0.000|0.000|0.000|0.00|0
419729|SIME-C29|0.040|0.000|0.000|0.000|0.00|0
419730|SIME-C30|0.040|0.000|0.000|0.000|0.00|0
419731|SIME-C31|0.040|0.040|0.040|0.000|0.00|500
419732|SIME-C32|0.115|0.000|0.000|0.000|0.00|0
5285|SIMEPLT|5.100|5.030|5.110|+0.010|+0.20|21,989
5285CH|SIMEPLT-CH|0.030|0.000|0.000|0.000|0.00|0
5285CI|SIMEPLT-CI|0.065|0.045|0.040|-0.025|-38.46|4
5285CJ|SIMEPLT-CJ|0.100|0.100|0.100|0.000|0.00|9,000
5288|SIMEPROP|1.050|1.050|1.000|-0.050|-4.76|32,083
5288CG|SIMEPROP-CG|0.020|0.000|0.000|0.000|0.00|0
5288CH|SIMEPROP-CH|0.050|0.000|0.000|0.000|0.00|0
5288CI|SIMEPROP-CI|0.005|0.000|0.000|0.000|0.00|0
5288CJ|SIMEPROP-CJ|0.020|0.020|0.020|0.000|0.00|2
5288CK|SIMEPROP-CK|0.075|0.000|0.000|0.000|0.00|0
5288CL|SIMEPROP-CL|0.065|0.055|0.055|-0.010|-15.38|3,300
8532|SINOTOP|0.275|0.265|0.295|+0.020|+7.27|1,533
9431|SJC|0.590|0.610|0.610|+0.020|+3.39|110
7115|SKBSHUT|0.550|0.000|0.000|0.000|0.00|0
7155|SKPRES|1.340|1.330|1.330|-0.010|-0.75|26,960
7155CN|SKPRES-CN|0.040|0.000|0.000|0.000|0.00|0
7155CO|SKPRES-CO|0.055|0.055|0.055|0.000|0.00|34,404
7155CP|SKPRES-CP|0.060|0.060|0.060|0.000|0.00|400
03008|SLIC|0.420|0.000|0.000|0.000|0.00|0
7248|SLP|1.280|1.280|1.280|0.000|0.00|1,407
9776|SMCAP|0.160|0.155|0.170|+0.010|+6.25|31,382
9776WC|SMCAP-WC|0.075|0.075|0.080|+0.005|+6.67|2,159
0203|SMETRIC|0.530|0.390|0.500|-0.030|-5.66|50,165
4375|SMI|0.170|0.165|0.170|0.000|0.00|530
7132|SMISCOR|0.480|0.000|0.000|0.000|0.00|0
0117|SMRT|0.120|0.110|0.125|+0.005|+4.17|3,055
0169|SMTRACK|0.075|0.070|0.070|-0.005|-6.67|4,972
7943|SNC|0.255|0.250|0.280|+0.025|+9.80|4,020
5213|SNTORIA|0.440|0.395|0.435|-0.005|-1.14|190
5213WA|SNTORIA-WA|0.010|0.000|0.000|0.000|0.00|0
5213WB|SNTORIA-WB|0.055|0.000|0.000|0.000|0.00|0
5242|SOLID|0.310|0.290|0.295|-0.015|-4.84|311
5242WA|SOLID-WA|0.090|0.000|0.000|0.000|0.00|0
0093|SOLUTN|0.095|0.095|0.090|-0.005|-5.26|6,797
0093WA|SOLUTN-WA|0.035|0.000|0.000|0.000|0.00|0
5126|SOP|2.540|2.620|2.560|+0.020|+0.79|130
0656CF|SP500-CF|0.090|0.000|0.000|0.000|0.00|0
0656CG|SP500-CG|0.815|0.855|0.855|+0.040|+4.91|200
0656CH|SP500-CH|1.440|0.000|0.000|0.000|0.00|0
0656HF|SP500-HF|0.020|0.015|0.015|-0.005|-25.00|1,800
0656HG|SP500-HG|0.270|0.260|0.250|-0.020|-7.41|35,777
0656HH|SP500-HH|0.360|0.350|0.350|-0.010|-2.78|802
1783|SPB|6.230|6.230|6.230|0.000|0.00|244
7103|SPRITZER|2.200|2.190|2.190|-0.010|-0.45|10
8664|SPSETIA|2.290|2.290|2.210|-0.080|-3.49|32,521
866410|SPSETIA-C10|0.015|0.015|0.010|-0.005|-33.33|5,850
866411|SPSETIA-C11|0.090|0.070|0.070|-0.020|-22.22|2,721
866412|SPSETIA-C12|0.105|0.120|0.105|0.000|0.00|300
866413|SPSETIA-C13|0.100|0.100|0.080|-0.020|-20.00|4,950
866414|SPSETIA-C14|0.150|0.155|0.115|-0.035|-23.33|808
866415|SPSETIA-C15|0.150|0.000|0.000|0.000|0.00|0
8664C9|SPSETIA-C9|0.005|0.000|0.000|0.000|0.00|0
8664PA|SPSETIA-PA|0.900|0.000|0.000|0.000|0.00|0
8664PB|SPSETIA-PB|0.780|0.780|0.780|0.000|0.00|200
0129|SRIDGE|0.275|0.265|0.255|-0.020|-7.27|16,642
0129WA|SRIDGE-WA|0.085|0.090|0.080|-0.005|-5.88|4,435
5665|SSTEEL|0.800|0.780|0.795|-0.005|-0.63|2,250
5665LB|SSTEEL-LB|0.760|0.000|0.000|0.000|0.00|0
6084|STAR|0.765|0.780|0.780|+0.015|+1.96|2,557
0140|STERPRO|0.180|0.180|0.195|+0.015|+8.33|1,400
0140WA|STERPRO-WA|0.040|0.030|0.030|-0.010|-25.00|1,400
7143|STONE|0.120|0.100|0.100|-0.020|-16.67|500
7143WA|STONE-WA|0.010|0.000|0.000|0.000|0.00|0
0080|STRAITS|0.250|0.250|0.255|+0.005|+2.00|30,195
0080WA|STRAITS-WA|0.125|0.125|0.130|+0.005|+4.00|17,552
6904|SUBUR|0.510|0.000|0.000|0.000|0.00|0
7207|SUCCESS|0.670|0.670|0.695|+0.025|+3.73|16,767
9865|SUIWAH|2.680|2.670|2.660|-0.020|-0.75|660
1201|SUMATEC|0.010|0.005|0.005|-0.005|-50.00|19,354
1201WA|SUMATEC-WA|0.005|0.000|0.000|0.000|0.00|0
5263|SUNCON|1.740|1.750|1.760|+0.020|+1.15|4,556
5263CT|SUNCON-CT|0.005|0.000|0.000|0.000|0.00|0
5263CU|SUNCON-CU|0.055|0.000|0.000|0.000|0.00|0
5263CV|SUNCON-CV|0.030|0.000|0.000|0.000|0.00|0
5176|SUNREIT|1.760|1.760|1.750|-0.010|-0.57|16,751
3743|SUNSURIA|0.630|0.630|0.635|+0.005|+0.79|2,092
3743WA|SUNSURIA-WA|0.050|0.000|0.000|0.000|0.00|0
5211|SUNWAY|1.620|1.640|1.650|+0.030|+1.85|14,736
5211CR|SUNWAY-CR|0.035|0.000|0.000|0.000|0.00|0
5211CS|SUNWAY-CS|0.035|0.000|0.000|0.000|0.00|0
5211WB|SUNWAY-WB|0.285|0.290|0.290|+0.005|+1.75|6,550
0148|SUNZEN|0.175|0.170|0.165|-0.010|-5.71|11,741
0148WA|SUNZEN-WA|0.060|0.060|0.060|0.000|0.00|77
0148WB|SUNZEN-WB|0.035|0.030|0.030|-0.005|-14.29|2,013
7235|SUPERLN|1.300|1.300|1.320|+0.020|+1.54|1,154
7106|SUPERMX|1.530|1.530|1.570|+0.040|+2.61|72,559
710648|SUPERMX-C48|0.005|0.000|0.000|0.000|0.00|0
710650|SUPERMX-C50|0.005|0.000|0.000|0.000|0.00|0
710651|SUPERMX-C51|0.005|0.000|0.000|0.000|0.00|0
710652|SUPERMX-C52|0.030|0.035|0.035|+0.005|+16.67|1,207
710653|SUPERMX-C53|0.005|0.005|0.005|0.000|0.00|1,700
710654|SUPERMX-C54|0.095|0.000|0.000|0.000|0.00|0
710655|SUPERMX-C55|0.045|0.050|0.050|+0.005|+11.11|525
710656|SUPERMX-C56|0.115|0.115|0.115|0.000|0.00|38,300
710657|SUPERMX-C57|0.105|0.100|0.105|0.000|0.00|3,562
710658|SUPERMX-C58|0.075|0.070|0.075|0.000|0.00|12,850
710659|SUPERMX-C59|0.090|0.095|0.095|+0.005|+5.56|710
710660|SUPERMX-C60|0.055|0.050|0.050|-0.005|-9.09|4,350
710661|SUPERMX-C61|0.045|0.000|0.000|0.000|0.00|0
710662|SUPERMX-C62|0.075|0.080|0.080|+0.005|+6.67|4,900
710663|SUPERMX-C63|0.075|0.070|0.070|-0.005|-6.67|5,600
710664|SUPERMX-C64|0.150|0.000|0.000|0.000|0.00|0
710665|SUPERMX-C65|0.150|0.000|0.000|0.000|0.00|0
03018|SUPREME|0.680|0.000|0.000|0.000|0.00|0
6521|SURIA|1.390|1.420|1.410|+0.020|+1.44|556
5135|SWKPLNT|1.570|1.560|1.560|-0.010|-0.64|1
7186|SWSCAP|0.680|0.650|0.700|+0.020|+2.94|1,068
7186WB|SWSCAP-WB|0.060|0.060|0.060|0.000|0.00|500
9717|SYCAL|0.230|0.230|0.225|-0.005|-2.17|1,140
7082|SYF|0.220|0.220|0.220|0.000|0.00|688
7082WB|SYF-WB|0.015|0.010|0.010|-0.005|-33.33|1,092
1538|SYMLIFE|0.395|0.395|0.395|0.000|0.00|5,757
1538WB|SYMLIFE-WB|0.035|0.030|0.030|-0.005|-14.29|6,776
5173|SYSCORP|0.300|0.295|0.295|-0.005|-1.67|1,106
0050|SYSTECH|0.225|0.220|0.220|-0.005|-2.22|600
7228|T7GLOBAL|0.450|0.455|0.470|+0.020|+4.44|18,899
4898|TA|0.630|0.635|0.635|+0.005|+0.79|6,970
5012|TAANN|2.480|2.470|2.460|-0.020|-0.81|1,049
5012CM|TAANN-CM|0.080|0.000|0.000|0.000|0.00|0
4022|TADMAX|0.240|0.245|0.235|-0.005|-2.08|8,428
7211|TAFI|0.325|0.000|0.000|0.000|0.00|0
5158|TAGB|0.255|0.250|0.260|+0.005|+1.96|1,341
6139|TAKAFUL|4.400|4.440|4.400|0.000|0.00|11,981
6139CC|TAKAFUL-CC|0.055|0.055|0.050|-0.005|-9.09|512
2259|TALAMT|0.030|0.030|0.030|0.000|0.00|3,757
8524|TALIWRK|0.855|0.880|0.860|+0.005|+0.58|3,481
5191|TAMBUN|0.765|0.765|0.765|0.000|0.00|1,340
2429|TANCO|0.055|0.055|0.055|0.000|0.00|73,776
2429WB|TANCO-WB|0.030|0.025|0.025|-0.005|-16.67|2,330
5149|TAS|0.240|0.245|0.260|+0.020|+8.33|900
5140|TASCO|1.330|1.330|1.330|0.000|0.00|150
4448|TASEK|4.630|4.630|4.700|+0.070|+1.51|48
4448P|TASEK-PA|10.100|0.000|0.000|0.000|0.00|0
7097|TAWIN|0.460|0.460|0.460|0.000|0.00|638
4405|TCHONG|1.600|1.610|1.670|+0.070|+4.38|179
0132|TDEX|0.070|0.070|0.080|+0.010|+14.29|19,106
2054|TDM|0.180|0.170|0.175|-0.005|-2.78|74,503
0084|TECFAST|0.315|0.315|0.330|+0.015|+4.76|7,819
7439|TECGUAN|0.775|0.000|0.000|0.000|0.00|0
5289|TECHBND|0.780|0.785|0.735|-0.045|-5.77|42,928
7200|TEKSENG|0.250|0.245|0.250|0.000|0.00|3,582
7200WA|TEKSENG-WA|0.075|0.070|0.070|-0.005|-6.67|667
5347|TENAGA|13.420|13.000|13.080|-0.340|-2.53|102,477
534747|TENAGA-C47|0.050|0.000|0.000|0.000|0.00|0
534749|TENAGA-C49|0.010|0.000|0.000|0.000|0.00|0
534750|TENAGA-C50|0.075|0.055|0.060|-0.015|-20.00|2,500
534751|TENAGA-C51|0.050|0.045|0.045|-0.005|-10.00|13,002
534752|TENAGA-C52|0.040|0.000|0.000|0.000|0.00|0
534753|TENAGA-C53|0.085|0.065|0.065|-0.020|-23.53|1,350
534754|TENAGA-C54|0.150|0.000|0.000|0.000|0.00|0
0546C7|TENCENT-C7|0.160|0.160|0.155|-0.005|-3.13|12,080
7252|TEOSENG|1.290|1.290|1.310|+0.020|+1.55|6,016
7252WA|TEOSENG-WA|0.315|0.310|0.320|+0.005|+1.59|630
8702|TEXCHEM|0.615|0.595|0.595|-0.020|-3.25|192
0089|TEXCYCL|0.550|0.550|0.550|0.000|0.00|3
0145|TFP|0.095|0.095|0.100|+0.005|+5.26|820
9369|TGL|0.960|0.000|0.000|0.000|0.00|0
7034|TGUAN|2.520|2.540|2.630|+0.110|+4.37|10,661
7034LA|TGUAN-LA|2.250|0.000|0.000|0.000|0.00|0
7034WA|TGUAN-WA|0.990|0.990|1.080|+0.090|+9.09|1,407
9075|THETA|0.405|0.395|0.405|0.000|0.00|622
7206|THHEAVY|0.050|0.050|0.055|+0.005|+10.00|52,850
7206PB|THHEAVY-PB|0.015|0.000|0.000|0.000|0.00|0
5112|THPLANT|0.510|0.515|0.510|0.000|0.00|438
7889|THRIVEN|0.205|0.205|0.215|+0.010|+4.88|4,123
7889WB|THRIVEN-WB|0.070|0.065|0.070|0.000|0.00|3,321
7374|TIENWAH|1.150|1.150|1.180|+0.030|+2.61|3,137
7079|TIGER|0.080|0.080|0.075|-0.005|-6.25|17,106
7079WC|TIGER-WC|0.020|0.000|0.000|0.000|0.00|0
5031|TIMECOM|7.750|8.100|8.200|+0.450|+5.81|25,260
7854|TIMWELL|0.685|0.000|0.000|0.000|0.00|0
5239|TITIJYA|0.315|0.315|0.315|0.000|0.00|3,541
5239PA|TITIJYA-PA|0.035|0.035|0.035|0.000|0.00|800
4863|TM|3.050|3.050|3.030|-0.020|-0.66|44,256
486327|TM-C27|0.005|0.005|0.005|0.000|0.00|20
486328|TM-C28|0.005|0.000|0.000|0.000|0.00|0
486329|TM-C29|0.005|0.000|0.000|0.000|0.00|0
486330|TM-C30|0.045|0.000|0.000|0.000|0.00|0
486331|TM-C31|0.040|0.000|0.000|0.000|0.00|0
486332|TM-C32|0.015|0.000|0.000|0.000|0.00|0
486333|TM-C33|0.065|0.000|0.000|0.000|0.00|0
486334|TM-C34|0.075|0.000|0.000|0.000|0.00|0
486335|TM-C35|0.100|0.000|0.000|0.000|0.00|0
486336|TM-C36|0.205|0.000|0.000|0.000|0.00|0
486337|TM-C37|0.335|0.315|0.320|-0.015|-4.48|4
486338|TM-C38|0.170|0.000|0.000|0.000|0.00|0
486339|TM-C39|0.215|0.205|0.205|-0.010|-4.65|2,200
486340|TM-C40|0.150|0.000|0.000|0.000|0.00|0
0101|TMCLIFE|0.725|0.725|0.725|0.000|0.00|3,299
0101WB|TMCLIFE-WB|0.020|0.015|0.020|0.000|0.00|8,958
8397|TNLOGIS|0.610|0.610|0.625|+0.015|+2.46|4,514
7218|TOCEAN|0.755|0.000|0.000|0.000|0.00|0
7230|TOMEI|0.520|0.000|0.000|0.000|0.00|0
7285|TOMYPAK|0.555|0.555|0.565|+0.010|+1.80|827
7285WA|TOMYPAK-WA|0.200|0.000|0.000|0.000|0.00|0
5010|TONGHER|3.700|3.630|3.600|-0.100|-2.70|1,935
7113|TOPGLOV|4.540|4.560|4.640|+0.100|+2.20|117,878
711333|TOPGLOV-C33|0.005|0.000|0.000|0.000|0.00|0
711340|TOPGLOV-C40|0.010|0.000|0.000|0.000|0.00|0
711341|TOPGLOV-C41|0.015|0.015|0.020|+0.005|+33.33|8,853
711342|TOPGLOV-C42|0.035|0.035|0.040|+0.005|+14.29|69,224
711343|TOPGLOV-C43|0.045|0.045|0.050|+0.005|+11.11|8,550
711344|TOPGLOV-C44|0.040|0.040|0.045|+0.005|+12.50|27,923
711345|TOPGLOV-C45|0.100|0.100|0.100|0.000|0.00|11,467
711346|TOPGLOV-C46|0.090|0.095|0.095|+0.005|+5.56|48,500
711347|TOPGLOV-C47|0.110|0.115|0.115|+0.005|+4.55|24,482
711348|TOPGLOV-C48|0.075|0.080|0.085|+0.010|+13.33|4,660
711349|TOPGLOV-C49|0.155|0.155|0.160|+0.005|+3.23|24,200
711350|TOPGLOV-C50|0.150|0.000|0.000|0.000|0.00|0
03013|TOPVISN|0.380|0.000|0.000|0.000|0.00|0
7173|TOYOINK|0.620|0.605|0.635|+0.015|+2.42|790
7173WB|TOYOINK-WB|0.095|0.095|0.095|0.000|0.00|8,244
7176|TPC|0.430|0.440|0.455|+0.025|+5.81|7,263
7176WA|TPC-WA|0.210|0.215|0.230|+0.020|+9.52|4,343
5054|TRC|0.550|0.535|0.525|-0.025|-4.55|105,658
0199|TRIMODE|0.435|0.420|0.445|+0.010|+2.30|1,211
0118|TRIVE|0.020|0.015|0.015|-0.005|-25.00|20,673
0118WB|TRIVE-WB|0.005|0.000|0.000|0.000|0.00|0
5401|TROP|0.865|0.865|0.875|+0.010|+1.16|700
5401WA|TROP-WA|0.030|0.030|0.025|-0.005|-16.67|700
9059|TSH|1.060|1.080|1.100|+0.040|+3.77|320
5042|TSRCAP|0.450|0.000|0.000|0.000|0.00|0
5042WB|TSRCAP-WB|0.045|0.040|0.035|-0.010|-22.22|500
5230|TUNEPRO|0.630|0.630|0.650|+0.020|+3.17|9,698
5167|TURBO|0.745|0.745|0.740|-0.005|-0.67|310
4359|TURIYA|0.135|0.120|0.120|-0.015|-11.11|10
5111|TWRREIT|0.915|0.910|0.900|-0.015|-1.64|115
7100|UCHITEC|2.820|2.780|2.730|-0.090|-3.19|5,024
7100CD|UCHITEC-CD|0.080|0.000|0.000|0.000|0.00|0
7100CE|UCHITEC-CE|0.025|0.000|0.000|0.000|0.00|0
0005|UCREST|0.240|0.245|0.255|+0.015|+6.25|74,426
5148|UEMS|0.820|0.820|0.820|0.000|0.00|13,013
514864|UEMS-C64|0.040|0.000|0.000|0.000|0.00|0
514865|UEMS-C65|0.085|0.075|0.080|-0.005|-5.88|1,400
514866|UEMS-C66|0.070|0.000|0.000|0.000|0.00|0
7133|ULICORP|0.470|0.470|0.430|-0.040|-8.51|18,995
2593|UMCCA|5.500|5.500|5.550|+0.050|+0.91|150
7137|UMS|2.500|2.460|2.480|-0.020|-0.80|80
7227|UMSNGB|1.050|0.000|0.000|0.000|0.00|0
4588|UMW|5.800|5.700|5.860|+0.060|+1.03|9,061
458810|UMW-C10|0.005|0.000|0.000|0.000|0.00|0
458811|UMW-C11|0.045|0.000|0.000|0.000|0.00|0
458812|UMW-C12|0.240|0.000|0.000|0.000|0.00|0
458813|UMW-C13|0.215|0.000|0.000|0.000|0.00|0
458814|UMW-C14|0.210|0.000|0.000|0.000|0.00|0
458815|UMW-C15|0.215|0.210|0.220|+0.005|+2.33|600
458816|UMW-C16|0.125|0.000|0.000|0.000|0.00|0
458817|UMW-C17|0.125|0.125|0.125|0.000|0.00|350
4588C9|UMW-C9|0.025|0.000|0.000|0.000|0.00|0
7091|UNIMECH|1.030|1.020|1.010|-0.020|-1.94|607
5005|UNISEM|2.800|2.800|2.800|0.000|0.00|532
500511|UNISEM-C11|0.220|0.000|0.000|0.000|0.00|0
500512|UNISEM-C12|0.060|0.000|0.000|0.000|0.00|0
500513|UNISEM-C13|0.065|0.000|0.000|0.000|0.00|0
500514|UNISEM-C14|0.045|0.000|0.000|0.000|0.00|0
500515|UNISEM-C15|0.110|0.075|0.075|-0.035|-31.82|2
03017|UNIWALL|0.280|0.000|0.000|0.000|0.00|0
5200|UOADEV|2.280|2.280|2.250|-0.030|-1.32|1,760
5110|UOAREIT|1.350|0.000|0.000|0.000|0.00|0
7757|UPA|2.120|2.160|2.160|+0.040|+1.89|20
2089|UTDPLT|27.360|27.360|27.420|+0.060|+0.22|265
5754|UTUSAN|0.175|0.175|0.175|0.000|0.00|3,382
7250|UZMA|0.875|0.860|0.910|+0.035|+4.00|41,179
0060|VC|0.135|0.130|0.130|-0.005|-3.70|1,956
5243|VELESTO|0.250|0.250|0.245|-0.005|-2.00|185,511
524324|VELESTO-C24|0.215|0.000|0.000|0.000|0.00|0
524325|VELESTO-C25|0.020|0.000|0.000|0.000|0.00|0
524326|VELESTO-C26|0.060|0.000|0.000|0.000|0.00|0
524327|VELESTO-C27|0.075|0.075|0.075|0.000|0.00|1,000
5243WA|VELESTO-WA|0.085|0.085|0.090|+0.005|+5.88|42,460
4995|VERSATL|0.410|0.400|0.425|+0.015|+3.66|824
7240|VERTICE|0.890|0.870|0.890|0.000|0.00|7,842
7240WA|VERTICE-WA|0.515|0.000|0.000|0.000|0.00|0
0120|VIS|0.485|0.485|0.520|+0.035|+7.22|24,300
0120WB|VIS-WB|0.185|0.180|0.200|+0.015|+8.11|4,479
0097|VITROX|7.000|6.950|7.020|+0.020|+0.29|3,330
0097CL|VITROX-CL|0.045|0.000|0.000|0.000|0.00|0
0097CM|VITROX-CM|0.050|0.000|0.000|0.000|0.00|0
0069|VIVOCOM|0.020|0.020|0.020|0.000|0.00|229,553
0069WC|VIVOCOM-WC|0.005|0.000|0.000|0.000|0.00|0
0069WD|VIVOCOM-WD|0.005|0.000|0.000|0.000|0.00|0
0069WE|VIVOCOM-WE|0.005|0.005|0.010|+0.005|+100.00|66,573
7070|VIZIONE|0.980|0.980|0.995|+0.015|+1.53|14,931
7070LA|VIZIONE-LA|0.070|0.000|0.000|0.000|0.00|0
7070WC|VIZIONE-WC|0.395|0.400|0.420|+0.025|+6.33|1,425
6963|VS|0.995|1.010|1.090|+0.095|+9.55|782,868
696310|VS-C10|0.105|0.110|0.130|+0.025|+23.81|123,350
696311|VS-C11|0.185|0.205|0.205|+0.020|+10.81|1,000
696312|VS-C12|0.085|0.090|0.100|+0.015|+17.65|20,700
696313|VS-C13|0.150|0.125|0.120|-0.030|-20.00|1,066
6963C5|VS-C5|0.005|0.010|0.010|+0.005|+100.00|10
6963C6|VS-C6|0.005|0.000|0.000|0.000|0.00|0
6963C7|VS-C7|0.005|0.005|0.005|0.000|0.00|10
6963C8|VS-C8|0.170|0.180|0.200|+0.030|+17.65|64,988
6963C9|VS-C9|0.140|0.145|0.165|+0.025|+17.86|83,304
0066|VSOLAR|0.190|0.190|0.195|+0.005|+2.63|209,905
5162|VSTECS|0.985|0.985|0.970|-0.015|-1.52|223
7203|WANGZNG|1.200|0.000|0.000|0.000|0.00|0
5016|WARISAN|2.180|0.000|0.000|0.000|0.00|0
5142|WASEONG|0.765|0.760|0.780|+0.015|+1.96|5,983
7226|WATTA|0.860|0.855|0.845|-0.015|-1.74|831
3565|WCEHB|0.510|0.505|0.510|0.000|0.00|330
9679|WCT|0.845|0.830|0.815|-0.030|-3.55|28,791
967914|WCT-C14|0.010|0.000|0.000|0.000|0.00|0
967915|WCT-C15|0.020|0.015|0.015|-0.005|-25.00|250
967916|WCT-C16|0.050|0.000|0.000|0.000|0.00|0
9679WE|WCT-WE|0.070|0.070|0.075|+0.005|+7.14|6,621
0197|WEGMANS|0.315|0.315|0.320|+0.005|+1.59|21,008
0197WA|WEGMANS-WA|0.140|0.140|0.140|0.000|0.00|1,981
7231|WELLCAL|1.290|1.280|1.300|+0.010|+0.78|210
0162|WIDAD|0.340|0.340|0.330|-0.010|-2.94|52,831
0162WA|WIDAD-WA|0.120|0.120|0.125|+0.005|+4.17|6,419
7692|WIDETEC|0.565|0.000|0.000|0.000|0.00|0
0008|WILLOW|0.460|0.460|0.460|0.000|0.00|3,117
0141|WINTONI|0.035|0.000|0.000|0.000|0.00|0
6378|WMG|0.120|0.115|0.115|-0.005|-4.17|13
7050|WONG|0.580|0.580|0.625|+0.045|+7.76|1,450
7025|WOODLAN|0.685|0.700|0.750|+0.065|+9.49|60
5246|WPRTS|3.690|3.690|3.640|-0.050|-1.36|13,876
5246CX|WPRTS-CX|0.050|0.000|0.000|0.000|0.00|0
5246CY|WPRTS-CY|0.145|0.000|0.000|0.000|0.00|0
5009|WTHORSE|1.330|1.320|1.320|-0.010|-0.75|3
4243|WTK|0.505|0.505|0.515|+0.010|+1.98|9,535
7245|WZSATU|0.365|0.355|0.340|-0.025|-6.85|15,379
7245WA|WZSATU-WA|0.130|0.135|0.120|-0.010|-7.69|11,454
5156|XDL|0.105|0.105|0.110|+0.005|+4.76|164,787
5156WD|XDL-WD|0.020|0.020|0.020|0.000|0.00|30,187
7121|XIANLNG|0.460|0.000|0.000|0.000|0.00|0
0581C1|XIAOMI-C1|0.025|0.000|0.000|0.000|0.00|0
0581C2|XIAOMI-C2|0.210|0.205|0.210|0.000|0.00|1,994
0095|XINGHE|0.035|0.035|0.035|0.000|0.00|4,111
0095WA|XINGHE-WA|0.005|0.000|0.000|0.000|0.00|0
5267|XINHWA|0.850|0.810|0.840|-0.010|-1.18|2,944
5155|XINQUAN|0.055|0.000|0.000|0.000|0.00|0
5155WA|XINQUAN-WA|0.005|0.000|0.000|0.000|0.00|0
5155WB|XINQUAN-WB|0.015|0.000|0.000|0.000|0.00|0
0165|XOX|0.055|0.050|0.050|-0.005|-9.09|64,802
7003|Y&G|0.910|0.000|0.000|0.000|0.00|0
7003WA|Y&G-WA|0.100|0.000|0.000|0.000|0.00|0
0025|YBS|0.145|0.140|0.145|0.000|0.00|18,097
5584|YEELEE|1.850|0.000|0.000|0.000|0.00|0
7122|YFG|0.005|0.000|0.000|0.000|0.00|0
0086|YGL|0.115|0.000|0.000|0.000|0.00|0
5048|YILAI|0.600|0.000|0.000|0.000|0.00|0
7293|YINSON|4.350|4.480|4.450|+0.100|+2.30|34,116
7293CT|YINSON-CT|0.035|0.035|0.030|-0.005|-14.29|8,255
7293CU|YINSON-CU|0.075|0.000|0.000|0.000|0.00|0
7293CV|YINSON-CV|0.055|0.000|0.000|0.000|0.00|0
7020|YKGI|0.105|0.105|0.105|0.000|0.00|2,371
7020WB|YKGI-WB|0.015|0.015|0.015|0.000|0.00|2,569
7014|YLI|0.255|0.240|0.240|-0.015|-5.88|572
3158|YNHPROP|1.210|1.200|1.200|-0.010|-0.83|48,700
5159|YOCB|1.060|1.080|1.130|+0.070|+6.60|4,633
7066|YONGTAI|0.330|0.325|0.335|+0.005|+1.52|27,997
7066PA|YONGTAI-PA|0.215|0.220|0.200|-0.015|-6.98|28,879
7066WA|YONGTAI-WA|0.115|0.110|0.115|0.000|0.00|4,931
7178|YSPSAH|2.900|2.910|2.920|+0.020|+0.69|604
4677|YTL|1.060|1.050|1.020|-0.040|-3.77|75,595
467722|YTL-C22|0.050|0.000|0.000|0.000|0.00|0
467723|YTL-C23|0.070|0.055|0.050|-0.020|-28.57|450
467724|YTL-C24|0.150|0.000|0.000|0.000|0.00|0
2577|YTLLAND|0.410|0.410|0.395|-0.015|-3.66|1,880
2577LA|YTLLAND-LA|0.360|0.355|0.355|-0.005|-1.39|66
6742|YTLPOWR|0.890|0.880|0.860|-0.030|-3.37|15,574
6742C5|YTLPOWR-C5|0.005|0.000|0.000|0.000|0.00|0
6742C6|YTLPOWR-C6|0.060|0.060|0.055|-0.005|-8.33|800
6742C7|YTLPOWR-C7|0.150|0.000|0.000|0.000|0.00|0
5109|YTLREIT|1.290|1.290|1.280|-0.010|-0.78|1,875
7028|ZECON|0.225|0.225|0.230|+0.005|+2.22|626
2283|ZELAN|0.055|0.055|0.070|+0.015|+27.27|119,733
5131|ZHULIAN|1.370|1.350|1.360|-0.010|-0.73|324
0012|3A|0.855|0.840|0.840|-0.015|-1.75|1,335
