070322|A50CHIN-C22|0.230|0.250|0.195|-0.035|-15.22|303
070324|A50CHIN-C24|0.770|0.875|0.875|+0.105|+13.64|200
070326|A50CHIN-C26|0.520|0.505|0.495|-0.025|-4.81|1,030
070328|A50CHIN-C28|0.270|0.275|0.255|-0.015|-5.56|4,120
070330|A50CHIN-C30|0.370|0.375|0.365|-0.005|-1.35|4,275
070332|A50CHIN-C32|0.720|0.000|0.000|0.000|0.00|0
070334|A50CHIN-C34|0.880|0.000|0.000|0.000|0.00|0
070336|A50CHIN-C36|0.595|0.600|0.570|-0.025|-4.20|3,314
070338|A50CHIN-C38|0.330|0.260|0.240|-0.090|-27.27|135,650
070321|A50CHIN-H21|0.050|0.000|0.000|0.000|0.00|0
070323|A50CHIN-H23|0.005|0.000|0.000|0.000|0.00|0
070325|A50CHIN-H25|0.035|0.000|0.000|0.000|0.00|0
070327|A50CHIN-H27|0.065|0.060|0.065|0.000|0.00|4,275
070329|A50CHIN-H29|0.530|0.360|0.380|-0.150|-28.30|88,010
7054|AASIA|0.150|0.155|0.160|+0.010|+6.67|460
5238|AAX|0.250|0.250|0.250|0.000|0.00|230,250
523820|AAX-C20|0.005|0.000|0.000|0.000|0.00|0
523821|AAX-C21|0.005|0.000|0.000|0.000|0.00|0
5238WA|AAX-WA|0.050|0.050|0.055|+0.005|+10.00|25,996
0800EA|ABFMY1|1.173|0.000|0.000|0.000|0.00|0
7086|ABLEGRP|0.070|0.075|0.075|+0.005|+7.14|2,271
2488|ABMB|4.200|4.190|4.160|-0.040|-0.95|1,974
2488CY|ABMB-CY|0.100|0.000|0.000|0.000|0.00|0
7131|ACME|0.250|0.000|0.000|0.000|0.00|0
7120|ACOSTEC|0.430|0.430|0.440|+0.010|+2.33|9,177
5281|ADVCON|0.450|0.450|0.430|-0.020|-4.44|13,776
7191|ADVENTA|0.375|0.355|0.355|-0.020|-5.33|29
9148|ADVPKG|1.860|1.820|1.810|-0.050|-2.69|125
7146|AEM|0.115|0.115|0.110|-0.005|-4.35|8,199
7146WA|AEM-WA|0.005|0.005|0.005|0.000|0.00|60
0181|AEMULUS|0.255|0.260|0.250|-0.005|-1.96|28,075
6599|AEON|1.580|1.580|1.550|-0.030|-1.90|3,818
6599CO|AEON-CO|0.050|0.045|0.050|0.000|0.00|510
6599CP|AEON-CP|0.050|0.000|0.000|0.000|0.00|0
6599CQ|AEON-CQ|0.030|0.000|0.000|0.000|0.00|0
5139|AEONCR|17.160|17.160|16.940|-0.220|-1.28|1,312
5139LA|AEONCR-LA|1.610|1.520|1.520|-0.090|-5.59|8
5185|AFFIN|2.260|2.260|2.290|+0.030|+1.33|957
5198|AFUJIYA|0.520|0.535|0.525|+0.005|+0.96|3,960
7315|AHB|0.145|0.145|0.150|+0.005|+3.45|16,254
7315WB|AHB-WB|0.010|0.010|0.015|+0.005|+50.00|21,565
7090|AHEALTH|9.350|9.250|9.200|-0.150|-1.60|315
4952|AHP|0.780|0.000|0.000|0.000|0.00|0
0122|AIM|0.240|0.000|0.000|0.000|0.00|0
5099|AIRASIA|2.790|2.790|2.820|+0.030|+1.08|92,127
509959|AIRASIAC59|0.020|0.000|0.000|0.000|0.00|0
509967|AIRASIAC67|0.100|0.100|0.105|+0.005|+5.00|12,684
509968|AIRASIAC68|0.005|0.000|0.000|0.000|0.00|0
509969|AIRASIAC69|0.020|0.015|0.010|-0.010|-50.00|190
509970|AIRASIAC70|0.010|0.010|0.010|0.000|0.00|1,300
509971|AIRASIAC71|0.085|0.085|0.085|0.000|0.00|13,905
509972|AIRASIAC72|0.190|0.190|0.210|+0.020|+10.53|1,200
509973|AIRASIAC73|0.215|0.215|0.225|+0.010|+4.65|8,000
509974|AIRASIAC74|0.320|0.340|0.340|+0.020|+6.25|100
509975|AIRASIAC75|0.140|0.140|0.145|+0.005|+3.57|3,360
509976|AIRASIAC76|0.065|0.065|0.070|+0.005|+7.69|12,020
509977|AIRASIAC77|0.080|0.080|0.080|0.000|0.00|45,600
509978|AIRASIAC78|0.105|0.105|0.115|+0.010|+9.52|14,000
509979|AIRASIAC79|0.055|0.000|0.000|0.000|0.00|0
509980|AIRASIAC80|0.050|0.000|0.000|0.000|0.00|0
5014|AIRPORT|7.710|7.720|7.710|0.000|0.00|22,416
5014C2|AIRPORT-C2|0.005|0.000|0.000|0.000|0.00|0
5014C4|AIRPORT-C4|0.060|0.035|0.035|-0.025|-41.67|9,150
5014C5|AIRPORT-C5|0.055|0.000|0.000|0.000|0.00|0
5014C6|AIRPORT-C6|0.120|0.000|0.000|0.000|0.00|0
5014C7|AIRPORT-C7|0.090|0.080|0.080|-0.010|-11.11|5,000
2682|AISB|0.260|0.260|0.255|-0.005|-1.92|425
2658|AJI|18.320|18.300|18.220|-0.100|-0.55|89
7609|AJIYA|0.530|0.530|0.525|-0.005|-0.94|428
7609WA|AJIYA-WA|0.100|0.000|0.000|0.000|0.00|0
5115|ALAM|0.145|0.145|0.140|-0.005|-3.45|116,073
5116|ALAQAR|1.360|1.340|1.360|0.000|0.00|2,600
2674|ALCOM|0.550|0.550|0.540|-0.010|-1.82|301
1163|ALLIANZ|14.400|14.660|14.460|+0.060|+0.42|160
1163PA|ALLIANZ-PA|14.300|0.000|0.000|0.000|0.00|0
5269|ALSREIT|0.850|0.850|0.845|-0.005|-0.59|64
1015|AMBANK|4.580|4.590|4.590|+0.010|+0.22|16,287
101510|AMBANK-C10|0.180|0.000|0.000|0.000|0.00|0
101511|AMBANK-C11|0.160|0.160|0.160|0.000|0.00|8,000
101512|AMBANK-C12|0.140|0.000|0.000|0.000|0.00|0
101513|AMBANK-C13|0.095|0.000|0.000|0.000|0.00|0
0159|AMEDIA|0.155|0.155|0.155|0.000|0.00|1,760
5120|AMFIRST|0.535|0.535|0.535|0.000|0.00|3,829
03011|AMLEX|0.180|0.000|0.000|0.000|0.00|0
1007|AMPROP|0.515|0.510|0.515|0.000|0.00|1,069
1007PA|AMPROP-PA|0.255|0.245|0.250|-0.005|-1.96|2,531
1007PB|AMPROP-PB|0.580|0.000|0.000|0.000|0.00|0
7051|AMTEK|0.175|0.000|0.000|0.000|0.00|0
7031|AMTEL|0.665|0.000|0.000|0.000|0.00|0
5959|AMVERTON|1.170|1.160|1.240|+0.070|+5.98|2,289
6351|AMWAY|5.960|6.000|5.960|0.000|0.00|156
7083|ANALABS|1.120|1.130|1.130|+0.010|+0.89|529
4758|ANCOM|0.480|0.480|0.475|-0.005|-1.04|2,515
0048|ANCOMLB|0.085|0.085|0.085|0.000|0.00|800
6556|ANNJOO|1.540|1.530|1.540|0.000|0.00|3,643
6556PA|ANNJOO-PA|0.550|0.000|0.000|0.000|0.00|0
9342|ANZO|0.040|0.035|0.040|0.000|0.00|688
9342WA|ANZO-WA|0.005|0.000|0.000|0.000|0.00|0
9342WB|ANZO-WB|0.025|0.000|0.000|0.000|0.00|0
9342WC|ANZO-WC|0.005|0.000|0.000|0.000|0.00|0
5568|APB|0.700|0.000|0.000|0.000|0.00|0
5088|APEX|1.020|1.000|1.010|-0.010|-0.98|88
5194|APFT|0.020|0.020|0.020|0.000|0.00|215,923
5015|APM|3.010|0.000|0.000|0.000|0.00|0
6432|APOLLO|3.920|3.970|3.970|+0.050|+1.28|1
0119|APPASIA|0.095|0.095|0.090|-0.005|-5.26|3,655
0119WA|APPASIA-WA|0.040|0.040|0.040|0.000|0.00|661
7214|ARANK|0.520|0.515|0.520|0.000|0.00|401
7007|ARK|0.500|0.360|0.360|-0.140|-28.00|3
7007WB|ARK-WB|0.090|0.000|0.000|0.000|0.00|0
5210|ARMADA|0.200|0.200|0.190|-0.010|-5.00|906,218
521040|ARMADA-C40|0.005|0.000|0.000|0.000|0.00|0
521043|ARMADA-C43|0.005|0.000|0.000|0.000|0.00|0
521045|ARMADA-C45|0.005|0.000|0.000|0.000|0.00|0
521046|ARMADA-C46|0.005|0.000|0.000|0.000|0.00|0
521047|ARMADA-C47|0.005|0.000|0.000|0.000|0.00|0
521048|ARMADA-C48|0.005|0.000|0.000|0.000|0.00|0
521049|ARMADA-C49|0.005|0.000|0.000|0.000|0.00|0
521050|ARMADA-C50|0.015|0.015|0.015|0.000|0.00|1,090
5127|ARREIT|0.845|0.845|0.840|-0.005|-0.59|130
1481|ASB|0.150|0.150|0.145|-0.005|-3.33|47,486
0068|ASDION|0.290|0.290|0.285|-0.005|-1.72|38,198
0068WB|ASDION-WB|0.005|0.000|0.000|0.000|0.00|0
7722|ASIABRN|0.495|0.500|0.500|+0.005|+1.01|10
7129|ASIAFLE|2.540|2.540|2.530|-0.010|-0.39|70
4057|ASIAPAC|0.125|0.125|0.120|-0.005|-4.00|1,260
4057LC|ASIAPAC-LC|0.580|0.000|0.000|0.000|0.00|0
4057WB|ASIAPAC-WB|0.045|0.045|0.045|0.000|0.00|365
0105|ASIAPLY|0.080|0.075|0.080|0.000|0.00|2,401
0105PA|ASIAPLY-PA|0.035|0.035|0.035|0.000|0.00|1,128
0105WA|ASIAPLY-WA|0.015|0.000|0.000|0.000|0.00|0
0105WB|ASIAPLY-WB|0.025|0.025|0.025|0.000|0.00|360
7162|ASTINO|0.660|0.660|0.660|0.000|0.00|158
6399|ASTRO|1.590|1.590|1.600|+0.010|+0.63|8,617
639910|ASTRO-C10|0.115|0.120|0.120|+0.005|+4.35|7,966
639911|ASTRO-C11|0.110|0.000|0.000|0.000|0.00|0
639912|ASTRO-C12|0.085|0.085|0.085|0.000|0.00|100
639913|ASTRO-C13|0.080|0.080|0.080|0.000|0.00|8,000
639914|ASTRO-C14|0.060|0.000|0.000|0.000|0.00|0
0072|AT|0.050|0.050|0.050|0.000|0.00|6,174
0072WB|AT-WB|0.005|0.000|0.000|0.000|0.00|0
8176|ATAIMS|1.800|1.780|1.770|-0.030|-1.67|8,662
7048|ATLAN|4.490|4.490|4.490|0.000|0.00|92
5130|ATRIUM|1.110|1.120|1.110|0.000|0.00|514
7099|ATTA|0.615|0.000|0.000|0.000|0.00|0
7099LA|ATTA-LA|0.085|0.085|0.080|-0.005|-5.88|1,451
7099PA|ATTA-PA|0.145|0.130|0.130|-0.015|-10.34|2,286
7099WB|ATTA-WB|0.090|0.000|0.000|0.000|0.00|0
7099WC|ATTA-WC|0.090|0.000|0.000|0.000|0.00|0
7181|ATURMJU|0.385|0.385|0.355|-0.030|-7.79|34,935
7181PA|ATURMJU-PA|0.180|0.190|0.180|0.000|0.00|7,445
8885|AVI|0.225|0.220|0.225|0.000|0.00|2,482
7579|AWC|0.780|0.780|0.770|-0.010|-1.28|18,046
7579WA|AWC-WA|0.265|0.265|0.250|-0.015|-5.66|4,756
6888|AXIATA|4.250|4.250|4.190|-0.060|-1.41|8,568
688828|AXIATA-C28|0.020|0.000|0.000|0.000|0.00|0
688830|AXIATA-C30|0.040|0.000|0.000|0.000|0.00|0
688831|AXIATA-C31|0.040|0.000|0.000|0.000|0.00|0
688832|AXIATA-C32|0.110|0.000|0.000|0.000|0.00|0
688833|AXIATA-C33|0.190|0.190|0.185|-0.005|-2.63|696
688834|AXIATA-C34|0.190|0.200|0.185|-0.005|-2.63|304
688835|AXIATA-C35|0.155|0.000|0.000|0.000|0.00|0
688836|AXIATA-C36|0.200|0.000|0.000|0.000|0.00|0
688837|AXIATA-C37|0.095|0.000|0.000|0.000|0.00|0
5106|AXREIT|1.740|1.750|1.730|-0.010|-0.57|7,168
2305|AYER|4.300|4.400|4.400|+0.100|+2.33|20
5021|AYS|0.345|0.345|0.350|+0.005|+1.45|24,657
7078|AZRB|0.530|0.540|0.505|-0.025|-4.72|93,014
7078WA|AZRB-WA|0.270|0.280|0.245|-0.025|-9.26|11,690
0098|BAHVEST|0.740|0.735|0.725|-0.015|-2.03|93,947
0098WA|BAHVEST-WA|0.475|0.475|0.475|0.000|0.00|44,535
7251|BARAKAH|0.115|0.115|0.110|-0.005|-4.35|326,468
4162|BAT|34.260|33.820|34.580|+0.320|+0.93|1,764
4162CM|BAT-CM|0.065|0.000|0.000|0.000|0.00|0
4162CN|BAT-CN|0.130|0.000|0.000|0.000|0.00|0
4162CO|BAT-CO|0.075|0.000|0.000|0.000|0.00|0
5248|BAUTO|2.340|2.350|2.320|-0.020|-0.85|66,486
5248C1|BAUTO-C1|0.085|0.085|0.085|0.000|0.00|3,580
5248CY|BAUTO-CY|0.145|0.000|0.000|0.000|0.00|0
5248CZ|BAUTO-CZ|0.215|0.215|0.215|0.000|0.00|2,054
6602|BCB|0.290|0.290|0.305|+0.015|+5.17|8,951
0187|BCMALL|0.205|0.200|0.195|-0.010|-4.88|9,745
6173|BDB|0.340|0.340|0.400|+0.060|+17.65|8,120
5190|BENALEC|0.210|0.205|0.200|-0.010|-4.76|10,416
9814|BERTAM|0.275|0.000|0.000|0.000|0.00|0
8133|BHIC|1.240|1.230|1.230|-0.010|-0.81|100
7005|BIG|0.470|0.450|0.435|-0.035|-7.45|4,720
5258|BIMB|4.210|4.210|4.250|+0.040|+0.95|6,786
5258WA|BIMB-WA|0.255|0.250|0.250|-0.005|-1.96|3,648
0195|BINACOM|0.400|0.400|0.400|0.000|0.00|1,097
6998|BINTAI|0.140|0.135|0.140|0.000|0.00|2,805
6998WA|BINTAI-WA|0.045|0.000|0.000|0.000|0.00|0
0179|BIOHLDG|0.205|0.210|0.215|+0.010|+4.88|36,813
0179WA|BIOHLDG-WA|0.085|0.085|0.085|0.000|0.00|9,508
7243|BIOOSMO|0.060|0.060|0.055|-0.005|-8.33|13,243
5032|BIPORT|4.680|4.680|4.770|+0.090|+1.92|55
3239|BJASSET|0.285|0.290|0.295|+0.010|+3.51|3,462
3239WB|BJASSET-WB|0.060|0.060|0.060|0.000|0.00|124
3395|BJCORP|0.270|0.275|0.270|0.000|0.00|52,328
339510|BJCORP-C10|0.005|0.000|0.000|0.000|0.00|0
339511|BJCORP-C11|0.020|0.020|0.020|0.000|0.00|5,340
3395LD|BJCORP-LD|0.350|0.345|0.345|-0.005|-1.43|450
3395LE|BJCORP-LE|0.385|0.000|0.000|0.000|0.00|0
3395WB|BJCORP-WB|0.045|0.040|0.045|0.000|0.00|2,600
3395WC|BJCORP-WC|0.075|0.000|0.000|0.000|0.00|0
5196|BJFOOD|1.620|1.610|1.620|0.000|0.00|6,107
4219|BJLAND|0.285|0.285|0.280|-0.005|-1.75|9,450
6025|BJMEDIA|0.200|0.000|0.000|0.000|0.00|0
1562|BJTOTO|2.370|2.370|2.310|-0.060|-2.53|14,933
1562CW|BJTOTO-CW|0.060|0.000|0.000|0.000|0.00|0
1562CX|BJTOTO-CX|0.090|0.085|0.090|0.000|0.00|10,000
1899|BKAWAN|17.100|17.100|17.100|0.000|0.00|29
5069|BLDPLNT|6.960|0.000|0.000|0.000|0.00|0
0508C5|BOC-C5|0.130|0.000|0.000|0.000|0.00|0
0168|BOILERM|0.530|0.530|0.535|+0.005|+0.94|1,000
9288|BONIA|0.275|0.275|0.260|-0.015|-5.45|3,414
7036|BORNOIL|0.040|0.045|0.045|+0.005|+12.50|24,015
7036WC|BORNOIL-WC|0.015|0.015|0.020|+0.005|+33.33|12,810
7036WD|BORNOIL-WD|0.020|0.020|0.025|+0.005|+25.00|6,250
6297|BOXPAK|1.080|0.000|0.000|0.000|0.00|0
6297WA|BOXPAK-WA|0.175|0.000|0.000|0.000|0.00|0
5254|BPLANT|0.805|0.805|0.800|-0.005|-0.62|1,452
5100|BPPLAS|1.110|1.110|1.080|-0.030|-2.70|520
5932|BPURI|0.190|0.190|0.190|0.000|0.00|34,915
9474|BRAHIMS|0.170|0.170|0.155|-0.015|-8.82|19,801
8761|BREM|0.750|0.755|0.780|+0.030|+4.00|539
9938|BRIGHT|0.200|0.195|0.195|-0.005|-2.50|300
7221|BSLCORP|0.370|0.365|0.345|-0.025|-6.76|681
2771|BSTEAD|1.370|1.370|1.350|-0.020|-1.46|282
0011|BTECH|0.320|0.320|0.320|0.000|0.00|1,135
7188|BTM|0.120|0.000|0.000|0.000|0.00|0
7188WA|BTM-WA|0.015|0.010|0.010|-0.005|-33.33|1,558
7188WB|BTM-WB|0.040|0.000|0.000|0.000|0.00|0
1818|BURSA|6.990|7.000|6.870|-0.120|-1.72|2,243
181820|BURSA-C20|0.005|0.000|0.000|0.000|0.00|0
181821|BURSA-C21|0.075|0.000|0.000|0.000|0.00|0
181822|BURSA-C22|0.055|0.000|0.000|0.000|0.00|0
181823|BURSA-C23|0.050|0.000|0.000|0.000|0.00|0
7174|CAB|0.630|0.630|0.610|-0.020|-3.17|7,420
7174WA|CAB-WA|0.460|0.460|0.450|-0.010|-2.17|533
0191|CABNET|0.300|0.305|0.295|-0.005|-1.67|1,611
0191WA|CABNET-WA|0.070|0.000|0.000|0.000|0.00|0
7154|CAELY|0.935|0.900|0.935|0.000|0.00|1,209
7154WA|CAELY-WA|0.550|0.500|0.550|0.000|0.00|26
7128|CAMRES|0.250|0.260|0.260|+0.010|+4.00|250
5105|CANONE|3.070|3.070|2.970|-0.100|-3.26|1,813
5229|CAP|0.010|0.000|0.000|0.000|0.00|0
0163|CAREPLS|0.170|0.175|0.170|0.000|0.00|10,892
5257|CARIMIN|0.950|0.950|0.875|-0.075|-7.89|212,757
5245|CARING|1.960|1.950|1.960|0.000|0.00|163
2836|CARLSBG|25.360|25.680|25.300|-0.060|-0.24|779
7076|CBIP|1.100|1.100|1.090|-0.010|-0.91|873
7076WA|CBIP-WA|0.015|0.015|0.015|0.000|0.00|500
2925|CCB|1.590|1.550|1.580|-0.010|-0.63|432
7035|CCK|0.625|0.625|0.595|-0.030|-4.80|31,930
7035WA|CCK-WA|0.130|0.130|0.120|-0.010|-7.69|28,950
2879|CCM|1.890|1.890|1.910|+0.020|+1.06|249
5195|CENSOF|0.150|0.150|0.150|0.000|0.00|2,535
5195WB|CENSOF-WB|0.005|0.000|0.000|0.000|0.00|0
8982|CEPAT|0.590|0.590|0.580|-0.010|-1.69|190
8435|CEPCO|0.630|0.660|0.660|+0.030|+4.76|16
8044|CFM|1.260|0.000|0.000|0.000|0.00|0
0579C1|CGARDEN-C1|0.105|0.000|0.000|0.000|0.00|0
7209|CHEETAH|0.340|0.000|0.000|0.000|0.00|0
7187|CHGP|0.350|0.000|0.000|0.000|0.00|0
7187WA|CHGP-WA|0.185|0.000|0.000|0.000|0.00|0
5738|CHHB|1.570|1.560|1.540|-0.030|-1.91|2,255
5738WB|CHHB-WB|0.415|0.380|0.380|-0.035|-8.43|53
0829EA|CHINAETF-MYR|5.790|5.800|5.800|+0.010|+0.17|18
0829EB|CHINAETF-USD|1.275|0.000|0.000|0.000|0.00|0
5273|CHINHIN|0.800|0.800|0.800|0.000|0.00|635
1929|CHINTEK|6.700|6.600|6.700|0.000|0.00|1,600
5007|CHINWEL|1.800|1.800|1.800|0.000|0.00|238
0501CG|CHMOBIL-CG|0.185|0.000|0.000|0.000|0.00|0
5797|CHOOBEE|1.600|1.590|1.600|0.000|0.00|50
7016|CHUAN|0.410|0.410|0.390|-0.020|-4.88|1,000
8052|CICB|0.590|0.000|0.000|0.000|0.00|0
2828|CIHLDG|1.450|0.000|0.000|0.000|0.00|0
1023|CIMB|5.480|5.490|5.470|-0.010|-0.18|103,485
102340|CIMB-C40|0.025|0.000|0.000|0.000|0.00|0
102341|CIMB-C41|0.075|0.000|0.000|0.000|0.00|0
102342|CIMB-C42|0.050|0.000|0.000|0.000|0.00|0
102343|CIMB-C43|0.025|0.000|0.000|0.000|0.00|0
102344|CIMB-C44|0.035|0.000|0.000|0.000|0.00|0
102345|CIMB-C45|0.065|0.065|0.065|0.000|0.00|1,258
102346|CIMB-C46|0.080|0.000|0.000|0.000|0.00|0
102347|CIMB-C47|0.075|0.000|0.000|0.000|0.00|0
0822EA|CIMBA40|1.855|0.000|0.000|0.000|0.00|0
0823EA|CIMBC50|1.650|1.635|1.630|-0.020|-1.21|316
7117|CJCEN|0.445|0.450|0.445|0.000|0.00|4,798
0514C3|CKHUTCH-C3|0.075|0.000|0.000|0.000|0.00|0
03001|CLOUD|0.300|0.000|0.000|0.000|0.00|0
7018|CME|0.040|0.000|0.000|0.000|0.00|0
7018LA|CME-LA|0.025|0.000|0.000|0.000|0.00|0
7018WA|CME-WA|0.025|0.000|0.000|0.000|0.00|0
5180|CMMT|1.110|1.110|1.120|+0.010|+0.90|1,016
2852|CMSB|3.410|3.410|3.370|-0.040|-1.17|3,478
285214|CMSB-C14|0.085|0.000|0.000|0.000|0.00|0
285215|CMSB-C15|0.130|0.125|0.125|-0.005|-3.85|500
7986|CNASIA|0.450|0.000|0.000|0.000|0.00|0
5104|CNI|0.075|0.070|0.070|-0.005|-6.67|117
5188|CNOUHUA|0.050|0.050|0.050|0.000|0.00|2,100
5071|COASTAL|1.250|1.230|1.170|-0.080|-6.40|2,883
7205|COCOLND|2.050|2.000|2.000|-0.050|-2.44|250
7195|COMCORP|0.125|0.000|0.000|0.000|0.00|0
2127|COMFORT|0.835|0.835|0.820|-0.015|-1.80|660
5136|COMPLET|0.885|0.880|0.880|-0.005|-0.56|1,670
5037|COMPUGT|0.025|0.025|0.025|0.000|0.00|17,063
0102|CONNECT|0.105|0.110|0.105|0.000|0.00|2,188
0102PA|CONNECT-PA|0.030|0.000|0.000|0.000|0.00|0
0102WA|CONNECT-WA|0.030|0.000|0.000|0.000|0.00|0
0102WB|CONNECT-WB|0.025|0.000|0.000|0.000|0.00|0
8591|CRESBLD|1.170|1.190|1.130|-0.040|-3.42|58,466
6718|CRESNDO|1.300|1.300|1.330|+0.030|+2.31|50
03016|CRG|0.045|0.000|0.000|0.000|0.00|0
7202|CSCENIC|1.110|1.110|1.110|0.000|0.00|881
5094|CSCSTEL|1.090|1.080|1.090|0.000|0.00|1,895
5214|CSL|0.010|0.000|0.000|0.000|0.00|0
0051|CUSCAPI|0.225|0.230|0.220|-0.005|-2.22|113,198
5049|CVIEW|1.520|0.000|0.000|0.000|0.00|0
9423|CWG|0.415|0.415|0.415|0.000|0.00|50
7157|CYL|0.465|0.000|0.000|0.000|0.00|0
5082|CYMAO|0.345|0.000|0.000|0.000|0.00|0
5184|CYPARK|1.730|1.740|1.710|-0.020|-1.16|5,081
7204|D&O|0.730|0.730|0.715|-0.015|-2.05|28,311
8125|DAIBOCI|1.580|1.580|1.580|0.000|0.00|7,803
8125WB|DAIBOCI-WB|0.135|0.135|0.135|0.000|0.00|1,503
5355|DAIMAN|2.990|0.000|0.000|0.000|0.00|0
5276|DANCO|0.630|0.630|0.610|-0.020|-3.17|23,561
5276WA|DANCO-WA|0.390|0.390|0.360|-0.030|-7.69|23,764
8338|DATAPRP|0.240|0.240|0.225|-0.015|-6.25|23,940
0091|DAYA|0.010|0.010|0.010|0.000|0.00|40,351
5141|DAYANG|1.620|1.560|1.380|-0.240|-14.81|1,063,583
7179|DBE|0.030|0.025|0.030|0.000|0.00|896
7179WB|DBE-WB|0.010|0.000|0.000|0.000|0.00|0
3484|DBHD|0.540|0.540|0.550|+0.010|+1.85|84,738
3484WA|DBHD-WA|0.120|0.120|0.130|+0.010|+8.33|41,387
7119|DEGEM|1.050|0.000|0.000|0.000|0.00|0
5132|DELEUM|1.100|1.110|1.110|+0.010|+0.91|2,646
7212|DESTINI|0.340|0.345|0.345|+0.005|+1.47|381,575
0152|DGB|0.120|0.125|0.125|+0.005|+4.17|4,270
0152WB|DGB-WB|0.030|0.030|0.030|0.000|0.00|3,351
0131|DGSB|0.080|0.080|0.080|0.000|0.00|82,997
7277|DIALOG|3.200|3.200|3.190|-0.010|-0.31|14,636
727733|DIALOG-C33|0.005|0.000|0.000|0.000|0.00|0
727735|DIALOG-C35|0.005|0.000|0.000|0.000|0.00|0
727736|DIALOG-C36|0.040|0.040|0.040|0.000|0.00|17,954
727737|DIALOG-C37|0.045|0.045|0.045|0.000|0.00|1,000
727738|DIALOG-C38|0.025|0.000|0.000|0.000|0.00|0
727739|DIALOG-C39|0.050|0.000|0.000|0.000|0.00|0
727740|DIALOG-C40|0.110|0.110|0.110|0.000|0.00|3,742
727741|DIALOG-C41|0.095|0.095|0.095|0.000|0.00|21,481
727742|DIALOG-C42|0.135|0.000|0.000|0.000|0.00|0
727743|DIALOG-C43|0.100|0.000|0.000|0.000|0.00|0
727744|DIALOG-C44|0.075|0.075|0.075|0.000|0.00|500
6947|DIGI|4.670|4.680|4.650|-0.020|-0.43|13,099
694724|DIGI-C24|0.045|0.000|0.000|0.000|0.00|0
694725|DIGI-C25|0.105|0.000|0.000|0.000|0.00|0
694726|DIGI-C26|0.115|0.000|0.000|0.000|0.00|0
694727|DIGI-C27|0.110|0.000|0.000|0.000|0.00|0
694728|DIGI-C28|0.050|0.055|0.055|+0.005|+10.00|2,600
0029|DIGISTA|0.050|0.050|0.045|-0.005|-10.00|7,418
0029WB|DIGISTA-WB|0.020|0.000|0.000|0.000|0.00|0
0400GA|DIN040000223|99.500|0.000|0.000|0.000|0.00|0
0400GC|DIN042300721|100.500|0.000|0.000|0.000|0.00|0
0400GB|DIN045801028|100.700|0.000|0.000|0.000|0.00|0
7528|DKLS|1.750|0.000|0.000|0.000|0.00|0
5908|DKSH|2.460|2.460|2.450|-0.010|-0.41|238
3026|DLADY|64.000|63.820|64.000|0.000|0.00|30
4456|DNEX|0.305|0.305|0.290|-0.015|-4.92|112,657
4456WD|DNEX-WD|0.080|0.075|0.075|-0.005|-6.25|52,843
7114|DNONCE|0.435|0.440|0.465|+0.030|+6.90|4,717
7114WA|DNONCE-WA|0.210|0.210|0.210|0.000|0.00|4,550
5835|DOLMITE|0.100|0.105|0.105|+0.005|+5.00|20
5265|DOLPHIN|0.145|0.145|0.140|-0.005|-3.45|3,560
5265WA|DOLPHIN-WA|0.030|0.030|0.030|0.000|0.00|3,750
7169|DOMINAN|1.270|1.260|1.260|-0.010|-0.79|404
7169WA|DOMINAN-WA|0.080|0.000|0.000|0.000|0.00|0
7148|DPHARMA|1.120|1.130|1.140|+0.020|+1.79|5,252
0205|DPIH|0.210|0.210|0.205|-0.005|-2.38|1,301
7198|DPS|0.070|0.070|0.070|0.000|0.00|1,505
7198WB|DPS-WB|0.030|0.000|0.000|0.000|0.00|0
1619|DRBHCOM|1.940|1.940|1.880|-0.060|-3.09|11,504
161960|DRBHCOMC60|0.030|0.020|0.025|-0.005|-16.67|1,231
161962|DRBHCOMC62|0.005|0.000|0.000|0.000|0.00|0
161963|DRBHCOMC63|0.005|0.000|0.000|0.000|0.00|0
161964|DRBHCOMC64|0.005|0.005|0.005|0.000|0.00|2,000
161966|DRBHCOMC66|0.005|0.000|0.000|0.000|0.00|0
161967|DRBHCOMC67|0.015|0.000|0.000|0.000|0.00|0
161968|DRBHCOMC68|0.095|0.095|0.090|-0.005|-5.26|17,164
161969|DRBHCOMC69|0.120|0.000|0.000|0.000|0.00|0
161970|DRBHCOMC70|0.170|0.165|0.165|-0.005|-2.94|9,594
161971|DRBHCOMC71|0.130|0.000|0.000|0.000|0.00|0
161972|DRBHCOMC72|0.130|0.125|0.125|-0.005|-3.85|1,000
161973|DRBHCOMC73|0.105|0.100|0.095|-0.010|-9.52|400
161974|DRBHCOMC74|0.095|0.090|0.085|-0.010|-10.53|14,730
161975|DRBHCOMC75|0.085|0.085|0.080|-0.005|-5.88|606
5216|DSONIC|0.530|0.525|0.525|-0.005|-0.94|74,762
5216WA|DSONIC-WA|0.090|0.090|0.085|-0.005|-5.56|6,421
7233|DUFU|1.620|1.630|1.590|-0.030|-1.85|5,347
3948|DUTALND|0.500|0.500|0.500|0.000|0.00|1,025
7165|DWL|0.785|0.790|0.785|0.000|0.00|500
7165PA|DWL-PA|0.205|0.200|0.200|-0.005|-2.44|150
7165WA|DWL-WA|0.225|0.225|0.225|0.000|0.00|2,182
5178|DYNACIA|0.090|0.095|0.090|0.000|0.00|48,466
5178PA|DYNACIA-PA|0.045|0.050|0.050|+0.005|+11.11|1
5178WA|DYNACIA-WA|0.040|0.000|0.000|0.000|0.00|0
3417|E&O|0.920|0.915|0.900|-0.020|-2.17|22,837
341713|E&O-C13|0.110|0.105|0.105|-0.005|-4.55|700
3417WB|E&O-WB|0.005|0.000|0.000|0.000|0.00|0
0154|EAH|0.015|0.020|0.020|+0.005|+33.33|10,006
0154WC|EAH-WC|0.005|0.000|0.000|0.000|0.00|0
0154WD|EAH-WD|0.010|0.000|0.000|0.000|0.00|0
0154WE|EAH-WE|0.010|0.000|0.000|0.000|0.00|0
2097|EASTLND|0.110|0.105|0.105|-0.005|-4.55|3,400
5259|EATECH|0.470|0.470|0.470|0.000|0.00|14,688
2143|ECM|0.280|0.270|0.270|-0.010|-3.57|50
3557|ECOFIRS|0.300|0.300|0.295|-0.005|-1.67|7,875
3557WC|ECOFIRS-WC|0.020|0.010|0.015|-0.005|-25.00|810
0059|ECOHLDS|0.310|0.310|0.305|-0.005|-1.61|2,501
5253|ECONBHD|0.475|0.475|0.460|-0.015|-3.16|60,263
5253WA|ECONBHD-WA|0.120|0.115|0.115|-0.005|-4.17|11,181
8206|ECOWLD|0.945|0.945|0.935|-0.010|-1.06|5,360
8206CQ|ECOWLD-CQ|0.005|0.000|0.000|0.000|0.00|0
8206CS|ECOWLD-CS|0.035|0.000|0.000|0.000|0.00|0
8206CT|ECOWLD-CT|0.150|0.000|0.000|0.000|0.00|0
8206WA|ECOWLD-WA|0.180|0.000|0.000|0.000|0.00|0
5036|EDARAN|0.550|0.545|0.545|-0.005|-0.91|8,574
7471|EDEN|0.125|0.120|0.140|+0.015|+12.00|551,855
7471WB|EDEN-WB|0.050|0.055|0.060|+0.010|+20.00|136,764
1368|EDGENTA|2.820|2.820|2.810|-0.010|-0.35|117
0107|EDUSPEC|0.030|0.030|0.030|0.000|0.00|176,757
0064|EFFICEN|0.205|0.200|0.200|-0.005|-2.44|700
0065|EFORCE|0.500|0.500|0.490|-0.010|-2.00|19,541
0065WA|EFORCE-WA|0.145|0.145|0.140|-0.005|-3.45|9,844
8907|EG|0.445|0.450|0.450|+0.005|+1.12|2,650
8907PA|EG-PA|0.470|0.450|0.450|-0.020|-4.26|2
8907WC|EG-WC|0.125|0.120|0.120|-0.005|-4.00|100
5081|EIG|0.655|0.000|0.000|0.000|0.00|0
5208|EITA|1.300|1.310|1.310|+0.010|+0.77|420
7182|EKA|0.060|0.000|0.000|0.000|0.00|0
8877|EKOVEST|0.550|0.550|0.535|-0.015|-2.73|63,000
8877CQ|EKOVEST-CQ|0.005|0.000|0.000|0.000|0.00|0
8877CS|EKOVEST-CS|0.035|0.035|0.035|0.000|0.00|300
8877CT|EKOVEST-CT|0.045|0.045|0.045|0.000|0.00|7,592
8877WB|EKOVEST-WB|0.085|0.085|0.080|-0.005|-5.88|49,021
9016|EKSONS|0.820|0.000|0.000|0.000|0.00|0
5228|ELKDESA|1.390|1.390|1.400|+0.010|+0.72|524
5228LA|ELKDESA-LA|1.170|0.000|0.000|0.000|0.00|0
0090|ELSOFT|1.030|1.040|1.030|0.000|0.00|10,913
7217|EMETALL|0.385|0.380|0.380|-0.005|-1.30|911
9091|EMICO|0.175|0.000|0.000|0.000|0.00|0
6076|ENCORP|0.380|0.000|0.000|0.000|0.00|0
7149|ENGKAH|0.820|0.900|0.980|+0.160|+19.51|13
5056|ENGTEX|0.855|0.855|0.840|-0.015|-1.75|940
8613|ENRA|1.500|1.450|1.450|-0.050|-3.33|10
7773|EPMB|0.390|0.370|0.370|-0.020|-5.13|120
0190|ESAFE|0.215|0.240|0.220|+0.005|+2.33|1,240
0100|ESCERAM|0.155|0.000|0.000|0.000|0.00|0
03021|ETH|0.185|0.000|0.000|0.000|0.00|0
6815|EUPE|0.655|0.000|0.000|0.000|0.00|0
7208|EURO|0.135|0.135|0.135|0.000|0.00|230
7094|EUROSP|0.405|0.000|0.000|0.000|0.00|0
5101|EVERGRN|0.375|0.380|0.380|+0.005|+1.33|6,379
7249|EWEIN|0.590|0.590|0.595|+0.005|+0.85|35,802
5283|EWINT|0.765|0.765|0.760|-0.005|-0.65|1,976
5283WA|EWINT-WA|0.150|0.145|0.150|0.000|0.00|4,725
3689|F&N|34.800|34.820|34.800|0.000|0.00|6,635
2984|FACBIND|1.290|0.000|0.000|0.000|0.00|0
7047|FAJAR|0.440|0.440|0.420|-0.020|-4.55|16,621
7047WB|FAJAR-WB|0.040|0.035|0.040|0.000|0.00|10,963
5029|FAREAST|2.740|2.760|2.760|+0.020|+0.73|53
6041|FARLIM|0.380|0.375|0.370|-0.010|-2.63|446
7229|FAVCO|2.770|2.770|2.770|0.000|0.00|959
06505D|FBMKLCI-C5D|0.085|0.000|0.000|0.000|0.00|0
06505I|FBMKLCI-C5I|0.005|0.000|0.000|0.000|0.00|0
06505J|FBMKLCI-C5J|0.020|0.000|0.000|0.000|0.00|0
06505K|FBMKLCI-C5K|0.005|0.000|0.000|0.000|0.00|0
06505L|FBMKLCI-C5L|0.070|0.000|0.000|0.000|0.00|0
06505M|FBMKLCI-C5M|0.100|0.000|0.000|0.000|0.00|0
06505N|FBMKLCI-C5N|0.050|0.055|0.055|+0.005|+10.00|2,000
06505O|FBMKLCI-C5O|0.040|0.040|0.040|0.000|0.00|1,150
06505P|FBMKLCI-C5P|0.195|0.195|0.195|0.000|0.00|300
06505Q|FBMKLCI-C5Q|0.300|0.305|0.295|-0.005|-1.67|12,300
06505R|FBMKLCI-C5R|0.060|0.065|0.060|0.000|0.00|400
06505S|FBMKLCI-C5S|0.160|0.000|0.000|0.000|0.00|0
06505T|FBMKLCI-C5T|0.230|0.000|0.000|0.000|0.00|0
06505U|FBMKLCI-C5U|0.150|0.000|0.000|0.000|0.00|0
06505V|FBMKLCI-C5V|0.055|0.000|0.000|0.000|0.00|0
06505W|FBMKLCI-C5W|0.035|0.000|0.000|0.000|0.00|0
0820EA|FBMKLCI-EA|1.780|0.000|0.000|0.000|0.00|0
06506F|FBMKLCI-H6F|0.015|0.000|0.000|0.000|0.00|0
06506K|FBMKLCI-H6K|0.205|0.000|0.000|0.000|0.00|0
06506L|FBMKLCI-H6L|0.120|0.120|0.120|0.000|0.00|100
06506M|FBMKLCI-H6M|0.165|0.000|0.000|0.000|0.00|0
06506N|FBMKLCI-H6N|0.225|0.000|0.000|0.000|0.00|0
06506O|FBMKLCI-H6O|0.330|0.000|0.000|0.000|0.00|0
06506P|FBMKLCI-H6P|0.045|0.040|0.050|+0.005|+11.11|7,992
06506Q|FBMKLCI-H6Q|0.095|0.085|0.085|-0.010|-10.53|9,500
06506R|FBMKLCI-H6R|0.240|0.000|0.000|0.000|0.00|0
06506S|FBMKLCI-H6S|0.355|0.000|0.000|0.000|0.00|0
06506T|FBMKLCI-H6T|0.085|0.080|0.090|+0.005|+5.88|6,000
06506U|FBMKLCI-H6U|0.255|0.000|0.000|0.000|0.00|0
06506V|FBMKLCI-H6V|0.255|0.000|0.000|0.000|0.00|0
06506W|FBMKLCI-H6W|0.155|0.000|0.000|0.000|0.00|0
06506X|FBMKLCI-H6X|0.105|0.100|0.100|-0.005|-4.76|200
06506Y|FBMKLCI-H6Y|0.150|0.000|0.000|0.000|0.00|0
2755|FCW|0.715|0.000|0.000|0.000|0.00|0
5222|FGV|1.120|1.120|1.120|0.000|0.00|108,918
522255|FGV-C55|0.005|0.005|0.005|0.000|0.00|160
522256|FGV-C56|0.005|0.000|0.000|0.000|0.00|0
522257|FGV-C57|0.005|0.000|0.000|0.000|0.00|0
522258|FGV-C58|0.010|0.000|0.000|0.000|0.00|0
522259|FGV-C59|0.035|0.000|0.000|0.000|0.00|0
522260|FGV-C60|0.005|0.000|0.000|0.000|0.00|0
522261|FGV-C61|0.020|0.000|0.000|0.000|0.00|0
522262|FGV-C62|0.080|0.080|0.080|0.000|0.00|4,650
522263|FGV-C63|0.150|0.150|0.155|+0.005|+3.33|16,578
522264|FGV-C64|0.240|0.000|0.000|0.000|0.00|0
522265|FGV-C65|0.165|0.160|0.160|-0.005|-3.03|2,000
522266|FGV-C66|0.310|0.000|0.000|0.000|0.00|0
522267|FGV-C67|0.360|0.380|0.375|+0.015|+4.17|700
522268|FGV-C68|0.150|0.145|0.150|0.000|0.00|4,000
522269|FGV-C69|0.105|0.105|0.110|+0.005|+4.76|12,000
522270|FGV-C70|0.095|0.000|0.000|0.000|0.00|0
522271|FGV-C71|0.040|0.040|0.040|0.000|0.00|20,500
522272|FGV-C72|0.035|0.035|0.035|0.000|0.00|1,300
522273|FGV-C73|0.075|0.075|0.075|0.000|0.00|15,030
6939|FIAMMA|0.475|0.475|0.475|0.000|0.00|630
0149|FIBON|0.430|0.000|0.000|0.000|0.00|0
8605|FIHB|0.480|0.470|0.490|+0.010|+2.08|4,836
8605PA|FIHB-PA|0.085|0.085|0.090|+0.005|+5.88|447
8605PB|FIHB-PB|0.080|0.000|0.000|0.000|0.00|0
3107|FIMACOR|1.930|0.000|0.000|0.000|0.00|0
0150|FINTEC|0.055|0.050|0.050|-0.005|-9.09|26,664
0150PA|FINTEC-PA|0.025|0.025|0.025|0.000|0.00|10,173
0150WA|FINTEC-WA|0.010|0.000|0.000|0.000|0.00|0
0150WB|FINTEC-WB|0.015|0.000|0.000|0.000|0.00|0
9318|FITTERS|0.505|0.505|0.500|-0.005|-0.99|43,747
9318WB|FITTERS-WB|0.020|0.020|0.025|+0.005|+25.00|4,836
5197|FLBHD|1.680|1.680|1.650|-0.030|-1.79|5,168
0116|FOCUS|0.140|0.140|0.140|0.000|0.00|38,530
0116WC|FOCUS-WC|0.080|0.000|0.000|0.000|0.00|0
0157|FOCUSP|0.380|0.375|0.380|0.000|0.00|2,606
5277|FPGROUP|0.310|0.315|0.310|0.000|0.00|19,196
9172|FPI|1.840|1.840|1.820|-0.020|-1.09|1,939
7210|FREIGHT|0.610|0.610|0.595|-0.015|-2.46|2,709
0128|FRONTKN|0.970|0.970|0.960|-0.010|-1.03|41,741
9377|FSBM|0.095|0.000|0.000|0.000|0.00|0
9377WA|FSBM-WA|0.025|0.000|0.000|0.000|0.00|0
7184|G3|0.790|0.000|0.000|0.000|0.00|0
7184WA|G3-WA|0.700|0.000|0.000|0.000|0.00|0
9261|GADANG|0.675|0.680|0.645|-0.030|-4.44|68,187
9261WB|GADANG-WB|0.200|0.200|0.195|-0.005|-2.50|36,438
5398|GAMUDA|2.930|2.930|2.890|-0.040|-1.37|13,406
539851|GAMUDA-C51|0.005|0.000|0.000|0.000|0.00|0
539853|GAMUDA-C53|0.005|0.000|0.000|0.000|0.00|0
539856|GAMUDA-C56|0.030|0.000|0.000|0.000|0.00|0
539857|GAMUDA-C57|0.045|0.000|0.000|0.000|0.00|0
539858|GAMUDA-C58|0.070|0.065|0.065|-0.005|-7.14|100
539859|GAMUDA-C59|0.185|0.175|0.175|-0.010|-5.41|474
539860|GAMUDA-C60|0.105|0.105|0.105|0.000|0.00|2,000
539861|GAMUDA-C61|0.080|0.075|0.075|-0.005|-6.25|3,996
539862|GAMUDA-C62|0.105|0.100|0.100|-0.005|-4.76|1,200
539863|GAMUDA-C63|0.105|0.100|0.100|-0.005|-4.76|2,000
5398WE|GAMUDA-WE|0.225|0.230|0.225|0.000|0.00|5,981
5209|GASMSIA|2.900|2.880|2.880|-0.020|-0.69|778
5226|GBGAQRS|1.240|1.240|1.230|-0.010|-0.81|27,076
5226WB|GBGAQRS-WB|0.305|0.305|0.295|-0.010|-3.28|122,456
5102|GCB|3.710|3.700|3.700|-0.010|-0.27|2,607
5102CA|GCB-CA|0.280|0.000|0.000|0.000|0.00|0
5102CB|GCB-CB|0.190|0.185|0.185|-0.005|-2.63|1,000
5102CC|GCB-CC|0.145|0.000|0.000|0.000|0.00|0
5102CD|GCB-CD|0.340|0.100|0.110|-0.230|-67.65|1,224
5592|GCE|0.470|0.470|0.470|0.000|0.00|70
0198|GDB|0.285|0.275|0.280|-0.005|-1.75|2,760
0078|GDEX|0.335|0.335|0.355|+0.020|+5.97|181,186
0078WB|GDEX-WB|0.060|0.060|0.055|-0.005|-8.33|168,661
0580C1|GEELY-C1|0.050|0.000|0.000|0.000|0.00|0
0104|GENETEC|1.700|1.690|1.690|-0.010|-0.59|316
4715|GENM|3.420|3.430|3.430|+0.010|+0.29|75,705
471538|GENM-C38|0.005|0.000|0.000|0.000|0.00|0
471540|GENM-C40|0.150|0.000|0.000|0.000|0.00|0
471541|GENM-C41|0.005|0.000|0.000|0.000|0.00|0
471542|GENM-C42|0.040|0.000|0.000|0.000|0.00|0
471543|GENM-C43|0.045|0.045|0.045|0.000|0.00|480
471544|GENM-C44|0.075|0.000|0.000|0.000|0.00|0
471545|GENM-C45|0.160|0.160|0.160|0.000|0.00|20
471546|GENM-C46|0.115|0.000|0.000|0.000|0.00|0
471547|GENM-C47|0.145|0.000|0.000|0.000|0.00|0
471548|GENM-C48|0.125|0.130|0.130|+0.005|+4.00|2,000
471549|GENM-C49|0.210|0.205|0.205|-0.005|-2.38|7,300
471550|GENM-C50|0.190|0.195|0.195|+0.005|+2.63|4
471551|GENM-C51|0.135|0.000|0.000|0.000|0.00|0
471552|GENM-C52|0.215|0.000|0.000|0.000|0.00|0
471553|GENM-C53|0.130|0.125|0.125|-0.005|-3.85|205
471554|GENM-C54|0.100|0.095|0.095|-0.005|-5.00|3,408
471555|GENM-C55|0.150|0.080|0.080|-0.070|-46.67|15,046
2291|GENP|10.600|10.580|10.600|0.000|0.00|1,697
2291WA|GENP-WA|2.750|2.730|2.740|-0.010|-0.36|176
3182|GENTING|7.030|7.000|6.930|-0.100|-1.42|37,089
318251|GENTINGC51|0.005|0.000|0.000|0.000|0.00|0
318255|GENTINGC55|0.050|0.000|0.000|0.000|0.00|0
318256|GENTINGC56|0.030|0.000|0.000|0.000|0.00|0
318257|GENTINGC57|0.090|0.090|0.085|-0.005|-5.56|9,909
318258|GENTINGC58|0.070|0.070|0.065|-0.005|-7.14|10,000
318259|GENTINGC59|0.100|0.095|0.090|-0.010|-10.00|15,000
318260|GENTINGC60|0.120|0.120|0.120|0.000|0.00|1,000
318261|GENTINGC61|0.115|0.115|0.110|-0.005|-4.35|1,652
318262|GENTINGC62|0.150|0.150|0.150|0.000|0.00|400
318263|GENTINGC63|0.135|0.130|0.130|-0.005|-3.70|16,000
318264|GENTINGC64|0.090|0.000|0.000|0.000|0.00|0
7197|GESHEN|0.640|0.620|0.620|-0.020|-3.13|10
5079|GETS|0.120|0.120|0.120|0.000|0.00|300
0039|GFM|0.520|0.520|0.520|0.000|0.00|19,207
0039WC|GFM-WC|0.205|0.205|0.205|0.000|0.00|23,676
0021|GHLSYS|1.660|1.650|1.630|-0.030|-1.81|1,717
0021CA|GHLSYS-CA|0.110|0.000|0.000|0.000|0.00|0
3204|GKENT|1.140|1.140|1.120|-0.020|-1.75|43,479
7382|GLBHD|0.380|0.380|0.380|0.000|0.00|50
5020|GLOMAC|0.365|0.365|0.380|+0.015|+4.11|351
5220|GLOTEC|0.465|0.465|0.475|+0.010|+2.15|9,069
5220WA|GLOTEC-WA|0.070|0.075|0.070|0.000|0.00|103
9962|GMUTUAL|0.275|0.000|0.000|0.000|0.00|0
0045|GNB|0.050|0.050|0.050|0.000|0.00|3,000
1147|GOB|0.190|0.000|0.000|0.000|0.00|0
1147WA|GOB-WA|0.005|0.005|0.005|0.000|0.00|497
0074|GOCEAN|0.115|0.000|0.000|0.000|0.00|0
0074WA|GOCEAN-WA|0.005|0.000|0.000|0.000|0.00|0
0828EA|GOLDETF|1.745|0.000|0.000|0.000|0.00|0
7192|GOODWAY|0.210|0.215|0.215|+0.005|+2.38|23,389
2135|GOPENG|0.700|0.000|0.000|0.000|0.00|0
7096|GPA|0.105|0.100|0.100|-0.005|-4.76|500
7096WA|GPA-WA|0.030|0.000|0.000|0.000|0.00|0
0082|GPACKET|0.350|0.340|0.320|-0.030|-8.57|6,507
0082WB|GPACKET-WB|0.095|0.085|0.085|-0.010|-10.53|2,340
5649|GPHAROS|0.230|0.220|0.220|-0.010|-4.35|700
0056|GRANFLO|0.205|0.000|0.000|0.000|0.00|0
0136|GREENYB|0.145|0.145|0.140|-0.005|-3.45|1,451
7077|GSB|0.195|0.190|0.190|-0.005|-2.56|13,100
7022|GTRONIC|1.790|1.790|1.770|-0.020|-1.12|4,180
7022CR|GTRONIC-CR|0.005|0.000|0.000|0.000|0.00|0
7022CS|GTRONIC-CS|0.005|0.000|0.000|0.000|0.00|0
7022CT|GTRONIC-CT|0.005|0.000|0.000|0.000|0.00|0
7022CU|GTRONIC-CU|0.030|0.000|0.000|0.000|0.00|0
7022CV|GTRONIC-CV|0.095|0.000|0.000|0.000|0.00|0
7022CW|GTRONIC-CW|0.040|0.000|0.000|0.000|0.00|0
3247|GUH|0.520|0.500|0.500|-0.020|-3.85|148
7676|GUNUNG|0.295|0.295|0.295|0.000|0.00|108
7676WB|GUNUNG-WB|0.050|0.045|0.045|-0.005|-10.00|1,000
1503|GUOCO|0.740|0.730|0.750|+0.010|+1.35|96
7668|HAIO|2.700|2.680|2.700|0.000|0.00|370
7668CG|HAIO-CG|0.075|0.000|0.000|0.000|0.00|0
5151|HALEX|0.950|0.970|0.910|-0.040|-4.21|760
7253|HANDAL|0.390|0.390|0.370|-0.020|-5.13|7,014
3034|HAPSENG|9.900|9.820|9.850|-0.050|-0.51|1,463
3034CX|HAPSENG-CX|0.030|0.000|0.000|0.000|0.00|0
2062|HARBOUR|0.720|0.710|0.740|+0.020|+2.78|470
2062WC|HARBOUR-WC|0.070|0.085|0.085|+0.015|+21.43|167
5008|HARISON|3.810|0.000|0.000|0.000|0.00|0
7501|HARNLEN|0.650|0.650|0.610|-0.040|-6.15|560
5168|HARTA|4.830|4.830|4.750|-0.080|-1.66|29,429
516811|HARTA-C11|0.005|0.000|0.000|0.000|0.00|0
516815|HARTA-C15|0.020|0.000|0.000|0.000|0.00|0
516816|HARTA-C16|0.010|0.000|0.000|0.000|0.00|0
516817|HARTA-C17|0.005|0.000|0.000|0.000|0.00|0
516818|HARTA-C18|0.005|0.005|0.005|0.000|0.00|140
516819|HARTA-C19|0.055|0.000|0.000|0.000|0.00|0
516820|HARTA-C20|0.050|0.065|0.065|+0.015|+30.00|200
516821|HARTA-C21|0.070|0.070|0.070|0.000|0.00|2,000
516822|HARTA-C22|0.065|0.060|0.065|0.000|0.00|618
5187|HBGLOB|0.120|0.120|0.125|+0.005|+4.17|14,988
7105|HCK|1.250|1.240|1.250|0.000|0.00|170
7105WA|HCK-WA|0.295|0.000|0.000|0.000|0.00|0
3255|HEIM|22.840|22.840|22.900|+0.060|+0.26|591
5121|HEKTAR|1.130|1.130|1.130|0.000|0.00|523
4324|HENGYUAN|6.260|6.280|6.120|-0.140|-2.24|4,254
4324C1|HENGYUAN-C1|0.005|0.000|0.000|0.000|0.00|0
4324C2|HENGYUAN-C2|0.010|0.000|0.000|0.000|0.00|0
4324C4|HENGYUAN-C4|0.030|0.000|0.000|0.000|0.00|0
4324C5|HENGYUAN-C5|0.035|0.000|0.000|0.000|0.00|0
4324C6|HENGYUAN-C6|0.055|0.055|0.055|0.000|0.00|1,000
4324C7|HENGYUAN-C7|0.220|0.220|0.215|-0.005|-2.27|1,050
4324C8|HENGYUAN-C8|0.135|0.135|0.125|-0.010|-7.41|450
4324CZ|HENGYUAN-CZ|0.020|0.020|0.020|0.000|0.00|97
5095|HEVEA|0.650|0.645|0.640|-0.010|-1.54|4,765
5095WB|HEVEA-WB|0.450|0.000|0.000|0.000|0.00|0
3298|HEXZA|0.710|0.705|0.705|-0.005|-0.70|295
0175|HHGROUP|0.125|0.120|0.120|-0.005|-4.00|8,052
0160|HHHCORP|0.095|0.095|0.095|0.000|0.00|7,604
5072|HIAPTEK|0.305|0.305|0.300|-0.005|-1.64|32,022
5072LA|HIAPTEK-LA|0.315|0.310|0.300|-0.015|-4.76|1,579
5072WB|HIAPTEK-WB|0.090|0.085|0.085|-0.005|-5.56|12,675
5199|HIBISCS|1.040|1.050|1.040|0.000|0.00|204,583
5199CM|HIBISCS-CM|0.085|0.085|0.085|0.000|0.00|5,996
5199CN|HIBISCS-CN|0.070|0.065|0.070|0.000|0.00|2,500
5199CO|HIBISCS-CO|0.075|0.075|0.075|0.000|0.00|12,498
5199CP|HIBISCS-CP|0.050|0.050|0.050|0.000|0.00|400
5199CQ|HIBISCS-CQ|0.120|0.120|0.120|0.000|0.00|27,040
5199CR|HIBISCS-CR|0.110|0.110|0.105|-0.005|-4.55|37,560
5199CS|HIBISCS-CS|0.110|0.000|0.000|0.000|0.00|0
5199CT|HIBISCS-CT|0.145|0.000|0.000|0.000|0.00|0
5199CU|HIBISCS-CU|0.090|0.090|0.085|-0.005|-5.56|14,200
5199CV|HIBISCS-CV|0.080|0.080|0.080|0.000|0.00|200
5199CW|HIBISCS-CW|0.090|0.095|0.080|-0.010|-11.11|1,054
5199WC|HIBISCS-WC|0.480|0.485|0.465|-0.015|-3.13|87,805
7033|HIGHTEC|1.280|0.000|0.000|0.000|0.00|0
8443|HIL|0.560|0.560|0.560|0.000|0.00|17,350
8443WB|HIL-WB|0.190|0.245|0.190|0.000|0.00|133
0505CF|HKEX-CF|0.425|0.000|0.000|0.000|0.00|0
5819|HLBANK|20.760|20.800|20.760|0.000|0.00|14,828
5819CN|HLBANK-CN|0.040|0.000|0.000|0.000|0.00|0
5819CO|HLBANK-CO|0.125|0.000|0.000|0.000|0.00|0
5274|HLCAP|9.600|0.000|0.000|0.000|0.00|0
1082|HLFG|19.500|19.480|19.360|-0.140|-0.72|532
3301|HLIND|10.020|10.280|9.990|-0.030|-0.30|1,061
0188|HLT|0.135|0.000|0.000|0.000|0.00|0
0188WA|HLT-WA|0.045|0.000|0.000|0.000|0.00|0
5169|HOHUP|0.435|0.440|0.415|-0.020|-4.60|3,182
5165|HOKHENG|0.580|0.570|0.580|0.000|0.00|290
5160|HOMERIZ|0.615|0.615|0.620|+0.005|+0.81|321
5160WA|HOMERIZ-WA|0.070|0.000|0.000|0.000|0.00|0
7010|HOOVER|0.595|0.550|0.550|-0.045|-7.56|20
06513U|HSI-C3U|0.015|0.015|0.015|0.000|0.00|159
06513V|HSI-C3V|0.125|0.125|0.140|+0.015|+12.00|273,763
06513W|HSI-C3W|0.555|0.560|0.590|+0.035|+6.31|6,236
06513X|HSI-C3X|1.130|1.160|1.180|+0.050|+4.42|500
06513Y|HSI-C3Y|0.100|0.000|0.000|0.000|0.00|0
06513Z|HSI-C3Z|0.230|0.230|0.235|+0.005|+2.17|183,930
06515A|HSI-C5A|0.490|0.495|0.510|+0.020|+4.08|285,347
06515B|HSI-C5B|0.870|0.865|0.885|+0.015|+1.72|2,036
06515C|HSI-C5C|0.255|0.255|0.260|+0.005|+1.96|9,432
06515D|HSI-C5D|0.430|0.430|0.435|+0.005|+1.16|164,472
06515E|HSI-C5E|0.765|0.760|0.770|+0.005|+0.65|6,360
06515F|HSI-C5F|1.090|0.000|0.000|0.000|0.00|0
06515G|HSI-C5G|0.630|0.635|0.645|+0.015|+2.38|5,200
06515H|HSI-C5H|0.950|0.915|0.930|-0.020|-2.11|2,214
06515I|HSI-C5I|1.190|0.000|0.000|0.000|0.00|0
06515J|HSI-C5J|0.780|0.760|0.785|+0.005|+0.64|350
06515K|HSI-C5K|1.090|1.130|1.130|+0.040|+3.67|200
06515L|HSI-C5L|1.410|0.000|0.000|0.000|0.00|0
06515M|HSI-C5M|1.970|0.000|0.000|0.000|0.00|0
06514V|HSI-H4V|0.005|0.005|0.005|0.000|0.00|23,533
06514W|HSI-H4W|0.005|0.005|0.005|0.000|0.00|3,880
06514X|HSI-H4X|0.005|0.005|0.005|0.000|0.00|16,520
06514Y|HSI-H4Y|0.015|0.005|0.005|-0.010|-66.67|7,594
06514Z|HSI-H4Z|0.010|0.010|0.010|0.000|0.00|200
06516A|HSI-H6A|0.020|0.020|0.020|0.000|0.00|9,438
06516B|HSI-H6B|0.025|0.025|0.040|+0.015|+60.00|3,510
06516C|HSI-H6C|0.065|0.065|0.065|0.000|0.00|91,345
06516D|HSI-H6D|0.055|0.000|0.000|0.000|0.00|0
06516E|HSI-H6E|0.100|0.100|0.095|-0.005|-5.00|4,205
06516F|HSI-H6F|0.195|0.195|0.190|-0.005|-2.56|133,606
06516G|HSI-H6G|0.375|0.380|0.355|-0.020|-5.33|404,901
06516H|HSI-H6H|0.070|0.000|0.000|0.000|0.00|0
06516I|HSI-H6I|0.130|0.000|0.000|0.000|0.00|0
06516J|HSI-H6J|0.225|0.225|0.205|-0.020|-8.89|17,173
06516K|HSI-H6K|0.075|0.080|0.080|+0.005|+6.67|100
06516L|HSI-H6L|0.155|0.000|0.000|0.000|0.00|0
06516M|HSI-H6M|0.100|0.140|0.140|+0.040|+40.00|10,587
06516N|HSI-H6N|0.245|0.245|0.235|-0.010|-4.08|1,730
6238|HSL|1.470|1.460|1.460|-0.010|-0.68|20
5138|HSPLANT|1.820|1.790|1.780|-0.040|-2.20|30
0185|HSSEB|1.110|1.100|1.100|-0.010|-0.90|5,514
0185WA|HSSEB-WA|0.220|0.220|0.220|0.000|0.00|867
5028|HTPADU|0.745|0.730|0.715|-0.030|-4.03|1,646
2739|HUAAN|0.260|0.260|0.255|-0.005|-1.92|445,554
5062|HUAYANG|0.405|0.405|0.390|-0.015|-3.70|4,969
7013|HUBLINE|0.055|0.055|0.055|0.000|0.00|13,816
7013WA|HUBLINE-WA|0.005|0.000|0.000|0.000|0.00|0
7013WB|HUBLINE-WB|0.010|0.000|0.000|0.000|0.00|0
7013WC|HUBLINE-WC|0.020|0.000|0.000|0.000|0.00|0
5000|HUMEIND|0.725|0.720|0.725|0.000|0.00|2,365
5024|HUPSENG|1.010|1.010|1.000|-0.010|-0.99|1,597
8478|HWATAI|0.300|0.305|0.305|+0.005|+1.67|11
9601|HWGB|0.100|0.105|0.105|+0.005|+5.00|1,480
9601WD|HWGB-WD|0.030|0.000|0.000|0.000|0.00|0
4251|IBHD|0.440|0.445|0.440|0.000|0.00|1,802
4251LB|IBHD-LB|0.315|0.320|0.320|+0.005|+1.59|600
4251WA|IBHD-WA|0.010|0.010|0.015|+0.005|+50.00|930
5084|IBRACO|0.700|0.695|0.695|-0.005|-0.71|150
5108|ICAP|2.400|2.400|2.400|0.000|0.00|1,402
0502CF|ICBC-CF|0.100|0.000|0.000|0.000|0.00|0
5255|ICON|0.100|0.100|0.090|-0.010|-10.00|70,707
9687|IDEAL|1.070|1.070|1.070|0.000|0.00|894
9687WB|IDEAL-WB|0.350|0.350|0.350|0.000|0.00|25
0174|IDMENSN|0.025|0.025|0.025|0.000|0.00|1,012
0174WA|IDMENSN-WA|0.005|0.000|0.000|0.000|0.00|0
0023|IFCAMSC|0.455|0.450|0.430|-0.025|-5.49|198,634
5606|IGBB|2.520|2.520|2.520|0.000|0.00|475
5606PA|IGBB-PA|1.120|0.000|0.000|0.000|0.00|0
5606PB|IGBB-PB|3.200|0.000|0.000|0.000|0.00|0
5227|IGBREIT|1.830|1.830|1.780|-0.050|-2.73|7,345
5225|IHH|5.850|5.800|5.840|-0.010|-0.17|46,593
522510|IHH-C10|0.130|0.135|0.135|+0.005|+3.85|200
5225C7|IHH-C7|0.050|0.060|0.045|-0.005|-10.00|4
5225C8|IHH-C8|0.115|0.120|0.115|0.000|0.00|2,010
5225C9|IHH-C9|0.095|0.000|0.000|0.000|0.00|0
0401GA|IHS046000824|96.000|0.000|0.000|0.000|0.00|0
3336|IJM|2.020|2.010|2.020|0.000|0.00|30,624
333620|IJM-C20|0.070|0.055|0.055|-0.015|-21.43|2,000
333621|IJM-C21|0.075|0.000|0.000|0.000|0.00|0
333624|IJM-C24|0.140|0.140|0.140|0.000|0.00|300
333625|IJM-C25|0.160|0.000|0.000|0.000|0.00|0
2216|IJMPLNT|1.660|0.000|0.000|0.000|0.00|0
5268|IKHMAS|0.155|0.155|0.160|+0.005|+3.23|14,186
5614|ILB|0.440|0.435|0.435|-0.005|-1.14|1
7222|IMASPRO|2.200|2.200|2.220|+0.020|+0.91|12,348
0166|INARI|1.570|1.560|1.520|-0.050|-3.18|51,614
016621|INARI-C21|0.005|0.000|0.000|0.000|0.00|0
016622|INARI-C22|0.005|0.000|0.000|0.000|0.00|0
016623|INARI-C23|0.005|0.000|0.000|0.000|0.00|0
016624|INARI-C24|0.005|0.000|0.000|0.000|0.00|0
016625|INARI-C25|0.005|0.000|0.000|0.000|0.00|0
016626|INARI-C26|0.040|0.040|0.035|-0.005|-12.50|304
016627|INARI-C27|0.035|0.035|0.035|0.000|0.00|23,500
016628|INARI-C28|0.035|0.030|0.030|-0.005|-14.29|32,680
016629|INARI-C29|0.070|0.065|0.065|-0.005|-7.14|2,000
016630|INARI-C30|0.060|0.000|0.000|0.000|0.00|0
016631|INARI-C31|0.125|0.120|0.115|-0.010|-8.00|15,036
016632|INARI-C32|0.130|0.125|0.120|-0.010|-7.69|18,000
016633|INARI-C33|0.250|0.000|0.000|0.000|0.00|0
016634|INARI-C34|0.080|0.080|0.075|-0.005|-6.25|5,628
016635|INARI-C35|0.070|0.065|0.065|-0.005|-7.14|3,800
016636|INARI-C36|0.080|0.075|0.075|-0.005|-6.25|200
016637|INARI-C37|0.110|0.000|0.000|0.000|0.00|0
0166WB|INARI-WB|1.030|1.010|1.000|-0.030|-2.91|513
2607|INCKEN|0.640|0.630|0.640|0.000|0.00|300
0094|INIX|0.055|0.055|0.055|0.000|0.00|32,621
0094WA|INIX-WA|0.020|0.020|0.020|0.000|0.00|2,400
0147|INNITY|0.575|0.000|0.000|0.000|0.00|0
6262|INNO|0.760|0.795|0.750|-0.010|-1.32|588
3379|INSAS|0.775|0.770|0.765|-0.010|-1.29|921
3379PA|INSAS-PA|0.980|0.980|0.985|+0.005|+0.51|390
3379WB|INSAS-WB|0.090|0.000|0.000|0.000|0.00|0
0192|INTA|0.270|0.275|0.270|0.000|0.00|4,630
1961|IOICORP|4.590|4.520|4.550|-0.040|-0.87|6,061
196119|IOICORP-C19|0.060|0.060|0.065|+0.005|+8.33|1,200
5249|IOIPG|1.440|1.430|1.410|-0.030|-2.08|19,486
5249CV|IOIPG-CV|0.150|0.135|0.140|-0.010|-6.67|2,988
5673|IPMUDA|0.530|0.530|0.490|-0.040|-7.55|243
5107|IQGROUP|1.180|1.180|1.180|0.000|0.00|20
8834|IREKA|0.560|0.510|0.550|-0.010|-1.79|21
8834WB|IREKA-WB|0.005|0.000|0.000|0.000|0.00|0
7183|IRETEX|0.130|0.135|0.145|+0.015|+11.54|14,975
7183LA|IRETEX-LA|0.015|0.000|0.000|0.000|0.00|0
7183WA|IRETEX-WA|0.005|0.000|0.000|0.000|0.00|0
0010|IRIS|0.150|0.150|0.140|-0.010|-6.67|255,637
9393|ITRONIC|0.100|0.095|0.100|0.000|0.00|6,934
5175|IVORY|0.210|0.210|0.210|0.000|0.00|2,450
1589|IWCITY|0.755|0.755|0.725|-0.030|-3.97|78,498
7223|JADI|0.035|0.035|0.040|+0.005|+14.29|1,830
0024|JAG|0.055|0.050|0.050|-0.005|-9.09|67,420
0024WA|JAG-WA|0.005|0.000|0.000|0.000|0.00|0
0024WB|JAG-WB|0.010|0.000|0.000|0.000|0.00|0
4723|JAKS|0.760|0.755|0.775|+0.015|+1.97|92,613
4723WB|JAKS-WB|0.500|0.505|0.500|0.000|0.00|2,595
8648|JASKITA|0.115|0.115|0.115|0.000|0.00|30
7152|JAYCORP|0.905|0.910|0.905|0.000|0.00|1,384
0058|JCBNEXT|1.490|1.500|1.500|+0.010|+0.67|829
5161|JCY|0.220|0.220|0.200|-0.020|-9.09|93,121
8931|JERASIA|0.390|0.400|0.400|+0.010|+2.56|491
9083|JETSON|0.185|0.000|0.000|0.000|0.00|0
0146|JFTECH|0.755|0.755|0.795|+0.040|+5.30|875
0127|JHM|1.200|1.200|1.180|-0.020|-1.67|30,996
8923|JIANKUN|0.325|0.000|0.000|0.000|0.00|0
8923WA|JIANKUN-WA|0.075|0.000|0.000|0.000|0.00|0
6769|JKGLAND|0.075|0.080|0.075|0.000|0.00|1,880
03003|JMEDU|0.535|0.000|0.000|0.000|0.00|0
7043|JMR|0.950|0.000|0.000|0.000|0.00|0
3441|JOHAN|0.085|0.085|0.085|0.000|0.00|10,779
7167|JOHOTIN|1.450|1.470|1.450|0.000|0.00|7,201
4383|JTIASA|0.555|0.560|0.560|+0.005|+0.90|6,359
0111|K1|0.245|0.245|0.230|-0.015|-6.12|24,854
0111WC|K1-WC|0.110|0.110|0.105|-0.005|-4.55|14,954
0193|KAB|0.215|0.210|0.205|-0.010|-4.65|10,572
8672|KAMDAR|0.290|0.000|0.000|0.000|0.00|0
0170|KANGER|0.040|0.045|0.045|+0.005|+12.50|20
0170WA|KANGER-WA|0.020|0.000|0.000|0.000|0.00|0
5247|KAREX|0.455|0.455|0.440|-0.015|-3.30|49,784
0054|KARYON|0.140|0.140|0.135|-0.005|-3.57|786
7216|KAWAN|1.750|1.790|1.760|+0.010|+0.57|314
3115|KBUNAI|0.085|0.085|0.085|0.000|0.00|7,330
3115WC|KBUNAI-WC|0.020|0.020|0.020|0.000|0.00|20,881
7199|KEINHIN|0.625|0.000|0.000|0.000|0.00|0
7323|KEN|0.680|0.000|0.000|0.000|0.00|0
6483|KENANGA|0.520|0.530|0.530|+0.010|+1.92|210
7161|KERJAYA|1.250|1.260|1.250|0.000|0.00|2,300
7161CJ|KERJAYA-CJ|0.020|0.000|0.000|0.000|0.00|0
7161WB|KERJAYA-WB|0.195|0.195|0.190|-0.005|-2.56|1,822
9334|KESM|8.680|8.680|8.570|-0.110|-1.27|114
0143|KEYASIC|0.115|0.115|0.110|-0.005|-4.35|32,528
6491|KFIMA|1.660|1.650|1.660|0.000|0.00|390
8303|KFM|0.200|0.180|0.180|-0.020|-10.00|100
0151|KGB|1.290|1.300|1.280|-0.010|-0.78|3,625
0151WA|KGB-WA|0.775|0.780|0.765|-0.010|-1.29|1,187
0036|KGROUP|0.050|0.045|0.045|-0.005|-10.00|13,445
0036WB|KGROUP-WB|0.005|0.000|0.000|0.000|0.00|0
6203|KHEESAN|0.660|0.620|0.665|+0.005|+0.76|612
7062|KHIND|1.730|1.670|1.670|-0.060|-3.47|41
6211|KIALIM|0.225|0.000|0.000|0.000|0.00|0
3522|KIANJOO|3.090|3.090|3.100|+0.010|+0.32|18,123
5371|KIMHIN|1.200|0.000|0.000|0.000|0.00|0
5171|KIMLUN|1.230|1.230|1.230|0.000|0.00|393
5171WA|KIMLUN-WA|0.330|0.290|0.325|-0.005|-1.52|665
5060|KINSTEL|0.005|0.000|0.000|0.000|0.00|0
5280|KIPREIT|0.855|0.850|0.855|0.000|0.00|2,760
9466|KKB|1.240|1.270|1.260|+0.020|+1.61|2,325
5235SS|KLCC|7.840|7.880|7.710|-0.130|-1.66|186
2445|KLK|25.020|25.040|24.920|-0.100|-0.40|1,576
2445C2|KLK-C2|0.140|0.000|0.000|0.000|0.00|0
2453|KLUANG|3.470|3.450|3.420|-0.050|-1.44|204
5027|KMLOONG|1.270|1.270|1.270|0.000|0.00|531
5027WB|KMLOONG-WB|0.245|0.000|0.000|0.000|0.00|0
7164|KNM|0.130|0.130|0.125|-0.005|-3.85|403,147
7164WB|KNM-WB|0.020|0.020|0.015|-0.005|-25.00|6,632
5035|KNUSFOR|0.430|0.000|0.000|0.000|0.00|0
6971|KOBAY|1.390|0.000|0.000|0.000|0.00|0
7017|KOMARK|0.240|0.235|0.240|0.000|0.00|70,640
7017WB|KOMARK-WB|0.040|0.035|0.035|-0.005|-12.50|7,750
7153|KOSSAN|3.640|3.700|3.640|0.000|0.00|5,888
7153CY|KOSSAN-CY|0.005|0.000|0.000|0.000|0.00|0
7153CZ|KOSSAN-CZ|0.150|0.000|0.000|0.000|0.00|0
0002|KOTRA|1.700|0.000|0.000|0.000|0.00|0
5878|KPJ|1.030|1.030|1.030|0.000|0.00|6,870
5878CR|KPJ-CR|0.020|0.000|0.000|0.000|0.00|0
5878CS|KPJ-CS|0.030|0.000|0.000|0.000|0.00|0
7130|KPOWER|0.335|0.000|0.000|0.000|0.00|0
5843|KPS|1.430|1.410|1.380|-0.050|-3.50|3,801
9121|KPSCB|0.520|0.520|0.520|0.000|0.00|250
1996|KRETAM|0.395|0.400|0.400|+0.005|+1.27|959
0176|KRONO|0.605|0.610|0.600|-0.005|-0.83|23,682
3476|KSENG|4.770|4.700|4.760|-0.010|-0.21|65
5038|KSL|0.915|0.915|0.910|-0.005|-0.55|3,119
5192|KSSC|0.470|0.470|0.450|-0.020|-4.26|3,176
5172|KSTAR|0.095|0.000|0.000|0.000|0.00|0
5172WA|KSTAR-WA|0.010|0.000|0.000|0.000|0.00|0
4847|KTB|0.075|0.070|0.075|0.000|0.00|8,409
0180|KTC|0.185|0.180|0.180|-0.005|-2.70|19,182
6874|KUB|0.405|0.405|0.395|-0.010|-2.47|23,481
2186|KUCHAI|1.590|1.590|1.580|-0.010|-0.63|250
6572|KWANTAS|0.800|0.800|0.800|0.000|0.00|130
8362|KYM|0.335|0.000|0.000|0.000|0.00|0
3174|L&G|0.165|0.165|0.160|-0.005|-3.03|20,930
3794|LAFMSIA|2.180|2.210|2.140|-0.040|-1.83|7,395
0018|LAMBO|0.155|0.150|0.150|-0.005|-3.23|22,411
1643|LANDMRK|0.470|0.455|0.460|-0.010|-2.13|681
7006|LATITUD|4.040|4.000|4.040|0.000|0.00|40
9385|LAYHONG|0.460|0.455|0.445|-0.015|-3.26|46,190
9385WA|LAYHONG-WA|0.200|0.205|0.195|-0.005|-2.50|19,582
9326|LBALUM|0.535|0.535|0.520|-0.015|-2.80|950
8494|LBICAP|0.880|0.860|0.845|-0.035|-3.98|421
5789|LBS|0.650|0.655|0.650|0.000|0.00|3,916
5789PA|LBS-PA|0.840|0.000|0.000|0.000|0.00|0
5789WB|LBS-WB|0.250|0.200|0.245|-0.005|-2.00|482
5284|LCTITAN|4.250|4.260|4.270|+0.020|+0.47|1,820
9628|LEBTECH|0.855|0.000|0.000|0.000|0.00|0
8079|LEESK|0.910|0.905|0.900|-0.010|-1.10|571
5232|LEONFB|0.505|0.505|0.495|-0.010|-1.98|1,366
8745|LEWEKO|0.140|0.000|0.000|0.000|0.00|0
8745WB|LEWEKO-WB|0.055|0.000|0.000|0.000|0.00|0
7170|LFECORP|0.110|0.000|0.000|0.000|0.00|0
3573|LIENHOE|0.280|0.280|0.270|-0.010|-3.57|255
7089|LIIHEN|2.740|2.750|2.740|0.000|0.00|381
8486|LIONFIB|0.440|0.440|0.440|0.000|0.00|50
4235|LIONIND|0.545|0.545|0.525|-0.020|-3.67|60,198
6645|LITRAK|4.500|4.500|4.230|-0.270|-6.00|439
0182|LKL|0.120|0.120|0.115|-0.005|-4.17|3,628
7126|LONBISC|0.405|0.405|0.400|-0.005|-1.23|53,225
7126WA|LONBISC-WA|0.040|0.035|0.035|-0.005|-12.50|11,831
8621|LPI|16.100|16.120|16.100|0.000|0.00|775
9881|LSTEEL|0.285|0.280|0.285|0.000|0.00|470
7085|LTKM|1.270|1.240|1.240|-0.030|-2.36|250
5068|LUSTER|0.080|0.080|0.080|0.000|0.00|3,160
5068WA|LUSTER-WA|0.030|0.030|0.025|-0.005|-16.67|2,300
5068WB|LUSTER-WB|0.035|0.000|0.000|0.000|0.00|0
5143|LUXCHEM|0.540|0.535|0.530|-0.010|-1.85|3,403
0075|LYC|0.320|0.320|0.320|0.000|0.00|750
9199|LYSAGHT|2.620|0.000|0.000|0.000|0.00|0
5078|M&G|0.105|0.095|0.090|-0.015|-14.29|5,371
0017|M3TECH|0.050|0.050|0.050|0.000|0.00|6,463
0017WA|M3TECH-WA|0.005|0.000|0.000|0.000|0.00|0
1198|MAA|1.030|1.030|1.030|0.000|0.00|2,100
7617|MAGNA|0.930|0.000|0.000|0.000|0.00|0
7617WB|MAGNA-WB|0.190|0.000|0.000|0.000|0.00|0
7087|MAGNI|4.660|4.900|4.840|+0.180|+3.86|6,043
3859|MAGNUM|2.410|2.410|2.320|-0.090|-3.73|5,431
8583|MAHSING|0.930|0.930|0.920|-0.010|-1.08|6,705
858317|MAHSING-C17|0.040|0.000|0.000|0.000|0.00|0
858318|MAHSING-C18|0.030|0.000|0.000|0.000|0.00|0
858319|MAHSING-C19|0.030|0.000|0.000|0.000|0.00|0
8583WC|MAHSING-WC|0.015|0.000|0.000|0.000|0.00|0
5264|MALAKOF|0.955|0.950|0.935|-0.020|-2.09|39,262
526412|MALAKOFC12|0.005|0.000|0.000|0.000|0.00|0
526413|MALAKOFC13|0.005|0.000|0.000|0.000|0.00|0
526415|MALAKOFC15|0.050|0.045|0.035|-0.015|-30.00|3,866
526416|MALAKOFC16|0.010|0.015|0.015|+0.005|+50.00|100
526417|MALAKOFC17|0.090|0.000|0.000|0.000|0.00|0
526418|MALAKOFC18|0.075|0.070|0.065|-0.010|-13.33|56,421
526419|MALAKOFC19|0.135|0.135|0.130|-0.005|-3.70|9,860
526420|MALAKOFC20|0.100|0.100|0.100|0.000|0.00|600
526421|MALAKOFC21|0.090|0.080|0.080|-0.010|-11.11|650
526422|MALAKOFC22|0.150|0.055|0.055|-0.095|-63.33|69,528
4936|MALPAC|0.850|0.000|0.000|0.000|0.00|0
6181|MALTON|0.525|0.525|0.510|-0.015|-2.86|16,924
1058|MANULFE|2.550|0.000|0.000|0.000|0.00|0
3514|MARCO|0.125|0.130|0.125|0.000|0.00|2,450
5098|MASTEEL|0.475|0.480|0.460|-0.015|-3.16|16,352
7029|MASTER|0.825|0.820|0.770|-0.055|-6.67|20,567
0189|MATANG|0.070|0.070|0.070|0.000|0.00|12,494
5236|MATRIX|1.960|1.990|1.940|-0.020|-1.02|1,747
5236WA|MATRIX-WA|0.145|0.135|0.145|0.000|0.00|311
6012|MAXIS|5.470|5.450|5.400|-0.070|-1.28|5,447
601210|MAXIS-C10|0.070|0.065|0.065|-0.005|-7.14|4
6012C8|MAXIS-C8|0.065|0.000|0.000|0.000|0.00|0
6012C9|MAXIS-C9|0.050|0.000|0.000|0.000|0.00|0
5189|MAXWELL|0.010|0.000|0.000|0.000|0.00|0
5189WA|MAXWELL-WA|0.005|0.000|0.000|0.000|0.00|0
1155|MAYBANK|9.490|9.490|9.480|-0.010|-0.11|73,316
115543|MAYBANKC43|0.080|0.075|0.075|-0.005|-6.25|700
115544|MAYBANKC44|0.005|0.000|0.000|0.000|0.00|0
115546|MAYBANKC46|0.005|0.005|0.005|0.000|0.00|6,550
115547|MAYBANKC47|0.035|0.000|0.000|0.000|0.00|0
115548|MAYBANKC48|0.030|0.000|0.000|0.000|0.00|0
115549|MAYBANKC49|0.105|0.000|0.000|0.000|0.00|0
115550|MAYBANKC50|0.105|0.000|0.000|0.000|0.00|0
115551|MAYBANKC51|0.100|0.000|0.000|0.000|0.00|0
115552|MAYBANKC52|0.045|0.045|0.045|0.000|0.00|9,200
115553|MAYBANKC53|0.150|0.000|0.000|0.000|0.00|0
5077|MAYBULK|0.580|0.595|0.585|+0.005|+0.86|2,047
5886|MBG|0.800|0.000|0.000|0.000|0.00|0
5152|MBL|1.200|1.180|1.200|0.000|0.00|1,511
5152WA|MBL-WA|0.400|0.380|0.420|+0.020|+5.00|1,126
5983|MBMR|2.850|2.850|2.810|-0.040|-1.40|1,038
1171|MBSB|0.970|0.970|0.950|-0.020|-2.06|78,334
117115|MBSB-C15|0.010|0.000|0.000|0.000|0.00|0
117116|MBSB-C16|0.060|0.000|0.000|0.000|0.00|0
117117|MBSB-C17|0.040|0.035|0.035|-0.005|-12.50|19,160
117118|MBSB-C18|0.055|0.000|0.000|0.000|0.00|0
117119|MBSB-C19|0.045|0.000|0.000|0.000|0.00|0
117120|MBSB-C20|0.025|0.000|0.000|0.000|0.00|0
117121|MBSB-C21|0.150|0.035|0.035|-0.115|-76.67|100
7189|MBWORLD|1.630|1.680|1.680|+0.050|+3.07|10
7004|MCEHLDG|0.620|0.600|0.650|+0.030|+4.84|149
0167|MCLEAN|0.090|0.000|0.000|0.000|0.00|0
0167WB|MCLEAN-WB|0.025|0.000|0.000|0.000|0.00|0
5182|MCT|0.615|0.600|0.600|-0.015|-2.44|230
4502|MEDIA|0.555|0.570|0.535|-0.020|-3.60|14,953
5090|MEDIAC|0.230|0.230|0.225|-0.005|-2.17|5,510
0081|MEGASUN|0.140|0.140|0.135|-0.005|-3.57|738
0081WA|MEGASUN-WA|0.020|0.025|0.025|+0.005|+25.00|1,590
5129|MELATI|0.460|0.460|0.460|0.000|0.00|195
3778|MELEWAR|0.155|0.150|0.150|-0.005|-3.23|3,350
3778WB|MELEWAR-WB|0.055|0.045|0.055|0.000|0.00|2,044
1694|MENANG|0.395|0.395|0.390|-0.005|-1.27|1,010
1694WB|MENANG-WB|0.005|0.005|0.010|+0.005|+100.00|506
0577C2|MENGNIU-C2|0.180|0.000|0.000|0.000|0.00|0
5223|MENTIGA|0.620|0.570|0.550|-0.070|-11.29|50
8192|MERCURY|0.850|0.000|0.000|0.000|0.00|0
5006|MERGE|1.430|1.400|1.400|-0.030|-2.10|500
5040|MERIDIAN|0.295|0.295|0.290|-0.005|-1.69|11,670
5040WA|MERIDIAN-WA|0.095|0.000|0.000|0.000|0.00|0
5040WB|MERIDIAN-WB|0.025|0.020|0.025|0.000|0.00|601
5040WC|MERIDIAN-WC|0.025|0.020|0.020|-0.005|-20.00|11
7234|MESB|0.325|0.330|0.330|+0.005|+1.54|2
7234WA|MESB-WA|0.105|0.105|0.105|0.000|0.00|347
0826EA|METFAPA|1.040|0.000|0.000|0.000|0.00|0
0825EA|METFSID|0.806|0.000|0.000|0.000|0.00|0
0827EA|METFUS50|1.060|0.000|0.000|0.000|0.00|0
6149|METROD|1.700|0.000|0.000|0.000|0.00|0
3069|MFCB|3.890|3.880|3.870|-0.020|-0.51|485
3069WA|MFCB-WA|1.710|1.710|1.660|-0.050|-2.92|425
03015|MFGROUP|0.220|0.000|0.000|0.000|0.00|0
3662|MFLOUR|0.760|0.760|0.745|-0.015|-1.97|113,147
3662LA|MFLOUR-LA|1.500|1.460|1.460|-0.040|-2.67|272
3662WC|MFLOUR-WC|0.410|0.410|0.390|-0.020|-4.88|77,702
7595|MGB|0.760|0.755|0.725|-0.035|-4.61|255
7595WA|MGB-WA|0.240|0.250|0.250|+0.010|+4.17|100
0155|MGRC|0.300|0.295|0.270|-0.030|-10.00|150
5186|MHB|0.830|0.790|0.785|-0.045|-5.42|18,733
518613|MHB-C13|0.020|0.000|0.000|0.000|0.00|0
5026|MHC|0.595|0.000|0.000|0.000|0.00|0
03005|MHCARE|0.540|0.000|0.000|0.000|0.00|0
5286|MI|2.170|2.170|2.150|-0.020|-0.92|3,058
5286CA|MI-CA|0.090|0.000|0.000|0.000|0.00|0
5286CB|MI-CB|0.035|0.000|0.000|0.000|0.00|0
5286CC|MI-CC|0.055|0.000|0.000|0.000|0.00|0
5286CD|MI-CD|0.135|0.000|0.000|0.000|0.00|0
5286CE|MI-CE|0.150|0.000|0.000|0.000|0.00|0
5286CF|MI-CF|0.125|0.000|0.000|0.000|0.00|0
0126|MICROLN|0.400|0.000|0.000|0.000|0.00|0
5001|MIECO|0.300|0.290|0.290|-0.010|-3.33|5,408
0112|MIKROMB|0.255|0.255|0.250|-0.005|-1.96|1,226
7935|MILUX|0.680|0.000|0.000|0.000|0.00|0
5166|MINDA|0.055|0.000|0.000|0.000|0.00|0
7219|MINETEC|0.055|0.050|0.055|0.000|0.00|3,455
7219WA|MINETEC-WA|0.005|0.000|0.000|0.000|0.00|0
5576|MINHO|0.310|0.320|0.300|-0.010|-3.23|1,941
5576WC|MINHO-WC|0.070|0.065|0.065|-0.005|-7.14|507
3816|MISC|6.770|6.710|6.740|-0.030|-0.44|15,123
381619|MISC-C19|0.165|0.165|0.165|0.000|0.00|300
381620|MISC-C20|0.085|0.000|0.000|0.000|0.00|0
381621|MISC-C21|0.160|0.000|0.000|0.000|0.00|0
9571|MITRA|0.435|0.440|0.395|-0.040|-9.20|160,360
9571WD|MITRA-WD|0.060|0.060|0.050|-0.010|-16.67|9,669
9571WE|MITRA-WE|0.110|0.095|0.095|-0.015|-13.64|441
8141|MJPERAK|0.225|0.240|0.235|+0.010|+4.44|61,844
6114|MKH|1.290|1.300|1.290|0.000|0.00|1,650
8893|MKLAND|0.185|0.190|0.190|+0.005|+2.70|14,304
0085|MLAB|0.045|0.045|0.045|0.000|0.00|1,190
0085WA|MLAB-WA|0.010|0.000|0.000|0.000|0.00|0
0085WB|MLAB-WB|0.005|0.000|0.000|0.000|0.00|0
0034|MMAG|0.220|0.225|0.225|+0.005|+2.27|200
0034PA|MMAG-PA|0.090|0.000|0.000|0.000|0.00|0
0034WB|MMAG-WB|0.060|0.060|0.060|0.000|0.00|60
2194|MMCCORP|1.090|1.090|1.080|-0.010|-0.92|4,553
219412|MMCCORPC12|0.150|0.070|0.070|-0.080|-53.33|1,000
0113|MMSV|0.940|0.940|0.945|+0.005|+0.53|411
0103|MNC|0.040|0.040|0.040|0.000|0.00|1,800
0103WA|MNC-WA|0.005|0.000|0.000|0.000|0.00|0
6459|MNRB|1.020|1.020|1.030|+0.010|+0.98|7,544
0156|MPAY|0.120|0.120|0.120|0.000|0.00|48,882
6548|MPCORP|0.045|0.000|0.000|0.000|0.00|0
5237|MPHBCAP|1.080|1.080|1.070|-0.010|-0.93|470
3867|MPI|10.000|9.950|9.780|-0.220|-2.20|1,541
5123|MQREIT|1.080|1.080|1.090|+0.010|+0.93|1,761
0070|MQTECH|0.030|0.025|0.030|0.000|0.00|440
0070WA|MQTECH-WA|0.005|0.010|0.010|+0.005|+100.00|6,000
1651|MRCB|0.820|0.825|0.805|-0.015|-1.83|63,384
165134|MRCB-C34|0.005|0.000|0.000|0.000|0.00|0
165136|MRCB-C36|0.055|0.050|0.045|-0.010|-18.18|400
165137|MRCB-C37|0.085|0.080|0.080|-0.005|-5.88|2,700
165138|MRCB-C38|0.065|0.065|0.065|0.000|0.00|2,000
165139|MRCB-C39|0.130|0.130|0.125|-0.005|-3.85|14,600
165140|MRCB-C40|0.175|0.000|0.000|0.000|0.00|0
165141|MRCB-C41|0.140|0.000|0.000|0.000|0.00|0
165142|MRCB-C42|0.060|0.055|0.055|-0.005|-8.33|4,000
165143|MRCB-C43|0.090|0.090|0.090|0.000|0.00|14,000
1651WB|MRCB-WB|0.240|0.240|0.230|-0.010|-4.17|1,660
5916|MSC|0.915|0.920|0.915|0.000|0.00|2,040
5202|MSM|1.890|1.900|1.950|+0.060|+3.17|132
5011|MSNIAGA|1.600|1.590|1.530|-0.070|-4.38|346
5150|MSPORTS|0.010|0.010|0.010|0.000|0.00|666
5924|MTDACPI|0.185|0.190|0.185|0.000|0.00|16,545
0092|MTOUCHE|0.065|0.060|0.060|-0.005|-7.69|1,500
0092WB|MTOUCHE-WB|0.010|0.000|0.000|0.000|0.00|0
0092WC|MTOUCHE-WC|0.015|0.000|0.000|0.000|0.00|0
0043|MTRONIC|0.075|0.085|0.090|+0.015|+20.00|843,243
3883|MUDA|1.920|1.930|1.880|-0.040|-2.08|5,432
5085|MUDAJYA|0.320|0.315|0.310|-0.010|-3.13|7,599
9539|MUH|0.520|0.000|0.000|0.000|0.00|0
5703|MUHIBAH|2.990|3.000|2.980|-0.010|-0.33|314
3891|MUIIND|0.175|0.170|0.170|-0.005|-2.86|6,460
3913|MUIPROP|0.180|0.180|0.175|-0.005|-2.78|12,191
3905|MULPHA|2.510|2.500|2.490|-0.020|-0.80|1,473
5087|MYCRON|0.315|0.310|0.300|-0.015|-4.76|525
5087WA|MYCRON-WA|0.080|0.000|0.000|0.000|0.00|0
0138|MYEG|1.280|1.280|1.250|-0.030|-2.34|288,017
013844|MYEG-C44|0.140|0.130|0.130|-0.010|-7.14|3,000
013846|MYEG-C46|0.010|0.000|0.000|0.000|0.00|0
013847|MYEG-C47|0.010|0.000|0.000|0.000|0.00|0
013848|MYEG-C48|0.010|0.005|0.005|-0.005|-50.00|360
013849|MYEG-C49|0.005|0.000|0.000|0.000|0.00|0
013850|MYEG-C50|0.030|0.000|0.000|0.000|0.00|0
013851|MYEG-C51|0.010|0.000|0.000|0.000|0.00|0
013852|MYEG-C52|0.005|0.000|0.000|0.000|0.00|0
013853|MYEG-C53|0.030|0.025|0.025|-0.005|-16.67|1,000
013854|MYEG-C54|0.010|0.000|0.000|0.000|0.00|0
013855|MYEG-C55|0.105|0.105|0.100|-0.005|-4.76|21,498
013856|MYEG-C56|0.345|0.345|0.340|-0.005|-1.45|650
013857|MYEG-C57|0.180|0.185|0.180|0.000|0.00|8,020
013858|MYEG-C58|0.110|0.110|0.110|0.000|0.00|12,280
013859|MYEG-C59|0.175|0.170|0.170|-0.005|-2.86|3,682
013860|MYEG-C60|0.190|0.200|0.190|0.000|0.00|9,259
013861|MYEG-C61|0.120|0.115|0.115|-0.005|-4.17|6,418
013862|MYEG-C62|0.165|0.000|0.000|0.000|0.00|0
013863|MYEG-C63|0.140|0.140|0.130|-0.010|-7.14|23,085
0821EA|MYETFDJ|1.090|0.000|0.000|0.000|0.00|0
0824EA|MYETFID|1.110|0.000|0.000|0.000|0.00|0
03010|MYKRIS|0.300|0.000|0.000|0.000|0.00|0
5275|MYNEWS|1.360|1.340|1.330|-0.030|-2.21|56
0041|MYSCM|0.260|0.260|0.250|-0.010|-3.85|179,766
0108|N2N|0.890|0.890|0.880|-0.010|-1.12|4,678
0108WB|N2N-WB|0.260|0.260|0.255|-0.005|-1.92|1,820
0206|NADIBHD|0.260|0.265|0.265|+0.005|+1.92|22,796
5073|NAIM|1.230|1.230|1.090|-0.140|-11.38|144,774
9806|NATWIDE|0.260|0.270|0.270|+0.010|+3.85|690
4707|NESTLE|148.500|148.600|147.800|-0.700|-0.47|371
4707CE|NESTLE-CE|0.045|0.000|0.000|0.000|0.00|0
0020|NETX|0.010|0.010|0.015|+0.005|+50.00|35,436
0020WB|NETX-WB|0.005|0.000|0.000|0.000|0.00|0
0096|NEXGRAM|0.020|0.015|0.020|0.000|0.00|1,172
0096WA|NEXGRAM-WA|0.010|0.005|0.005|-0.005|-50.00|13,100
0096WB|NEXGRAM-WB|0.010|0.005|0.005|-0.005|-50.00|4,480
0096WC|NEXGRAM-WC|0.010|0.005|0.005|-0.005|-50.00|2,000
7241|NGGB|0.480|0.480|0.495|+0.015|+3.13|48,286
7241WA|NGGB-WA|0.185|0.185|0.190|+0.005|+2.70|78,494
7060|NHFATT|2.700|0.000|0.000|0.000|0.00|0
7139|NICE|0.040|0.035|0.035|-0.005|-12.50|30,758
7139WB|NICE-WB|0.015|0.000|0.000|0.000|0.00|0
7215|NIHSIN|0.295|0.285|0.285|-0.010|-3.39|30,131
0083|NOTION|0.590|0.585|0.585|-0.005|-0.85|14,190
0083WC|NOTION-WC|0.255|0.255|0.250|-0.005|-1.96|909
0201|NOVA|0.480|0.480|0.475|-0.005|-1.04|417
0026|NOVAMSC|0.125|0.125|0.125|0.000|0.00|23,131
5047|NPC|1.870|0.000|0.000|0.000|0.00|0
03006|NPS|0.310|0.000|0.000|0.000|0.00|0
2038|NSOP|3.250|3.400|3.400|+0.150|+4.62|10
5066|NTPM|0.500|0.495|0.495|-0.005|-1.00|80
5025|NWP|0.075|0.080|0.080|+0.005|+6.67|13,875
4944|NYLEX|0.665|0.665|0.665|0.000|0.00|50
5533|OCB|0.450|0.480|0.450|0.000|0.00|840
0172|OCK|0.620|0.620|0.600|-0.020|-3.23|46,614
0172WA|OCK-WA|0.115|0.115|0.110|-0.005|-4.35|31,404
0049|OCNCASH|0.460|0.455|0.455|-0.005|-1.09|741
7071|OCR|0.255|0.255|0.255|0.000|0.00|7,930
7071PA|OCR-PA|0.020|0.025|0.020|0.000|0.00|11
7071WC|OCR-WC|0.030|0.030|0.030|0.000|0.00|500
7071WD|OCR-WD|0.065|0.065|0.060|-0.005|-7.69|4,801
7107|OFI|0.815|0.810|0.810|-0.005|-0.61|1,542
5827|OIB|2.030|0.000|0.000|0.000|0.00|0
7140|OKA|0.680|0.675|0.685|+0.005|+0.74|494
3018|OLYMPIA|0.110|0.110|0.110|0.000|0.00|2,191
9008|OMESTI|0.395|0.395|0.400|+0.005|+1.27|7,758
0035|OPCOM|0.670|0.670|0.680|+0.010|+1.49|23,161
0040|OPENSYS|0.350|0.355|0.350|0.000|0.00|16,829
4006|ORIENT|6.750|0.000|0.000|0.000|0.00|0
0079|ORION|0.205|0.210|0.195|-0.010|-4.88|243,776
0079WA|ORION-WA|0.115|0.115|0.105|-0.010|-8.70|111,771
5065|ORNA|1.050|1.020|1.020|-0.030|-2.86|80
5053|OSK|0.965|0.960|0.955|-0.010|-1.04|2,662
5053WC|OSK-WC|0.040|0.045|0.045|+0.005|+12.50|1
0053|OSKVI|0.475|0.465|0.460|-0.015|-3.16|862
0153|OVERSEA|0.115|0.115|0.115|0.000|0.00|130
5260|OWG|0.630|0.630|0.610|-0.020|-3.17|7,113
5260WA|OWG-WA|0.185|0.180|0.175|-0.010|-5.41|5,000
6009|P&O|0.995|1.020|1.000|+0.005|+0.50|754
7225|PA|0.055|0.055|0.055|0.000|0.00|24,740
7225WB|PA-WB|0.040|0.035|0.040|0.000|0.00|17,235
7052|PADINI|3.660|3.680|3.560|-0.100|-2.73|4,403
7052CV|PADINI-CV|0.005|0.000|0.000|0.000|0.00|0
7052CW|PADINI-CW|0.005|0.000|0.000|0.000|0.00|0
7052CX|PADINI-CX|0.115|0.100|0.105|-0.010|-8.70|12,000
7052CY|PADINI-CY|0.080|0.075|0.070|-0.010|-12.50|2,073
7052CZ|PADINI-CZ|0.125|0.000|0.000|0.000|0.00|0
3719|PANAMY|37.960|37.780|37.820|-0.140|-0.37|37
8419|PANSAR|0.805|0.800|0.810|+0.005|+0.62|8,860
8419WA|PANSAR-WA|0.315|0.310|0.320|+0.005|+1.59|4,887
5125|PANTECH|0.570|0.570|0.555|-0.015|-2.63|14,676
5125WA|PANTECH-WA|0.125|0.120|0.115|-0.010|-8.00|1,150
5125WB|PANTECH-WB|0.140|0.140|0.155|+0.015|+10.71|210
5022|PAOS|0.355|0.355|0.355|0.000|0.00|1,050
5022WA|PAOS-WA|0.065|0.065|0.070|+0.005|+7.69|1,750
9407|PARAGON|0.275|0.000|0.000|0.000|0.00|0
1724|PARAMON|2.120|2.110|2.100|-0.020|-0.94|4,991
5657|PARKSON|0.270|0.270|0.260|-0.010|-3.70|19,809
0022|PARLO|0.090|0.090|0.085|-0.005|-5.56|4,535
6912|PASDEC|0.405|0.405|0.405|0.000|0.00|580
6912WA|PASDEC-WA|0.070|0.070|0.065|-0.005|-7.14|797
0177|PASUKGB|0.050|0.000|0.000|0.000|0.00|0
5212|PAVREIT|1.760|1.760|1.740|-0.020|-1.14|10,337
5041|PBA|1.150|1.160|1.170|+0.020|+1.74|329
1295|PBBANK|24.480|24.500|24.480|0.000|0.00|31,194
129526|PBBANK-C26|0.050|0.000|0.000|0.000|0.00|0
129527|PBBANK-C27|0.030|0.000|0.000|0.000|0.00|0
129528|PBBANK-C28|0.105|0.000|0.000|0.000|0.00|0
129529|PBBANK-C29|0.155|0.000|0.000|0.000|0.00|0
129530|PBBANK-C30|0.115|0.000|0.000|0.000|0.00|0
129531|PBBANK-C31|0.155|0.000|0.000|0.000|0.00|0
6068|PCCS|0.410|0.410|0.390|-0.020|-4.88|59,719
6068WA|PCCS-WA|0.115|0.115|0.105|-0.010|-8.70|12,155
5183|PCHEM|9.250|9.330|9.250|0.000|0.00|44,639
518322|PCHEM-C22|0.030|0.000|0.000|0.000|0.00|0
518323|PCHEM-C23|0.015|0.000|0.000|0.000|0.00|0
518324|PCHEM-C24|0.015|0.000|0.000|0.000|0.00|0
518325|PCHEM-C25|0.065|0.000|0.000|0.000|0.00|0
518326|PCHEM-C26|0.125|0.115|0.105|-0.020|-16.00|1,006
518327|PCHEM-C27|0.155|0.160|0.155|0.000|0.00|150
518328|PCHEM-C28|0.150|0.000|0.000|0.000|0.00|0
518329|PCHEM-C29|0.155|0.155|0.155|0.000|0.00|864
518330|PCHEM-C30|0.180|0.195|0.195|+0.015|+8.33|11,714
518331|PCHEM-C31|0.100|0.000|0.000|0.000|0.00|0
6254|PDZ|0.035|0.035|0.035|0.000|0.00|1,175
6254WB|PDZ-WB|0.015|0.010|0.010|-0.005|-33.33|12,500
5622|PEB|0.900|0.860|0.860|-0.040|-4.44|97
5271|PECCA|1.060|1.060|1.040|-0.020|-1.89|8,348
5231|PELIKAN|0.365|0.350|0.360|-0.005|-1.37|170
5133|PENERGY|1.100|1.110|1.010|-0.090|-8.18|22,785
9997|PENSONI|0.405|0.000|0.000|0.000|0.00|0
9997WB|PENSONI-WB|0.115|0.000|0.000|0.000|0.00|0
7160|PENTA|3.540|3.540|3.540|0.000|0.00|20,944
7108|PERDANA|0.445|0.440|0.390|-0.055|-12.36|715,070
0047|PERISAI|0.005|0.000|0.000|0.000|0.00|0
7080|PERMAJU|0.450|0.445|0.470|+0.020|+4.44|219,211
5436|PERSTIM|4.840|4.850|4.850|+0.010|+0.21|85
8311|PESONA|0.250|0.250|0.240|-0.010|-4.00|26,206
8311WC|PESONA-WC|0.055|0.055|0.050|-0.005|-9.09|8,310
5219|PESTECH|1.150|1.150|1.140|-0.010|-0.87|776
5681|PETDAG|25.100|24.840|24.840|-0.260|-1.04|4,842
5681CW|PETDAG-CW|0.005|0.000|0.000|0.000|0.00|0
5681CX|PETDAG-CX|0.060|0.055|0.050|-0.010|-16.67|3,769
6033|PETGAS|17.760|17.860|17.700|-0.060|-0.34|3,476
6033CR|PETGAS-CR|0.010|0.000|0.000|0.000|0.00|0
6033CS|PETGAS-CS|0.020|0.000|0.000|0.000|0.00|0
3042|PETRONM|6.700|6.700|6.600|-0.100|-1.49|1,191
3042CS|PETRONM-CS|0.035|0.000|0.000|0.000|0.00|0
3611|PGLOBE|1.100|0.000|0.000|0.000|0.00|0
3611WA|PGLOBE-WA|0.070|0.000|0.000|0.000|0.00|0
7081|PHARMA|2.350|2.350|2.350|0.000|0.00|199
4464|PHB|0.020|0.025|0.020|0.000|0.00|8,644
7201|PICORP|0.130|0.000|0.000|0.000|0.00|0
7095|PIE|1.600|1.600|1.600|0.000|0.00|1,253
0006|PINEAPP|0.300|0.000|0.000|0.000|0.00|0
1902|PINEPAC|0.335|0.335|0.325|-0.010|-2.99|532
0527C2|PINGAN-C2|0.085|0.000|0.000|0.000|0.00|0
0527C3|PINGAN-C3|0.455|0.465|0.455|0.000|0.00|4,249
7163|PJBUMI|0.320|0.000|0.000|0.000|0.00|0
7163WA|PJBUMI-WA|0.050|0.000|0.000|0.000|0.00|0
0171|PLABS|0.285|0.290|0.290|+0.005|+1.75|920
7055|PLB|1.170|0.000|0.000|0.000|0.00|0
5075|PLENITU|1.500|1.500|1.490|-0.010|-0.67|560
9695|PLS|0.960|0.970|0.960|0.000|0.00|5,202
7172|PMBTECH|3.390|3.390|3.630|+0.240|+7.08|2,009
7172LA|PMBTECH-LA|3.220|0.000|0.000|0.000|0.00|0
7172WA|PMBTECH-WA|1.580|1.600|1.710|+0.130|+8.23|174
4081|PMCORP|0.145|0.140|0.140|-0.005|-3.45|2,035
8869|PMETAL|4.660|4.660|4.680|+0.020|+0.43|7,840
886915|PMETAL-C15|0.080|0.090|0.085|+0.005|+6.25|106
886917|PMETAL-C17|0.015|0.015|0.015|0.000|0.00|15,870
886918|PMETAL-C18|0.120|0.000|0.000|0.000|0.00|0
886919|PMETAL-C19|0.070|0.000|0.000|0.000|0.00|0
886920|PMETAL-C20|0.045|0.050|0.050|+0.005|+11.11|4
886921|PMETAL-C21|0.040|0.000|0.000|0.000|0.00|0
886922|PMETAL-C22|0.035|0.000|0.000|0.000|0.00|0
886923|PMETAL-C23|0.180|0.000|0.000|0.000|0.00|0
886924|PMETAL-C24|0.085|0.000|0.000|0.000|0.00|0
886925|PMETAL-C25|0.185|0.000|0.000|0.000|0.00|0
886926|PMETAL-C26|0.150|0.150|0.150|0.000|0.00|1,100
886927|PMETAL-C27|0.155|0.160|0.155|0.000|0.00|4
8869WC|PMETAL-WC|4.210|4.250|4.210|0.000|0.00|470
1287|PMHLDG|0.040|0.045|0.045|+0.005|+12.50|27,123
6637|PNEPCB|0.480|0.510|0.510|+0.030|+6.25|43
5080|POHKONG|0.500|0.500|0.495|-0.005|-1.00|931
7088|POHUAT|1.600|1.610|1.590|-0.010|-0.63|2,350
7088WB|POHUAT-WB|0.585|0.580|0.570|-0.015|-2.56|1,360
8117|POLY|0.465|0.000|0.000|0.000|0.00|0
03007|POLYMER|0.170|0.000|0.000|0.000|0.00|0
4634|POS|1.940|1.950|1.910|-0.030|-1.55|6,326
463421|POS-C21|0.005|0.000|0.000|0.000|0.00|0
463422|POS-C22|0.005|0.000|0.000|0.000|0.00|0
463423|POS-C23|0.005|0.000|0.000|0.000|0.00|0
463424|POS-C24|0.005|0.000|0.000|0.000|0.00|0
463425|POS-C25|0.005|0.000|0.000|0.000|0.00|0
463426|POS-C26|0.005|0.000|0.000|0.000|0.00|0
463427|POS-C27|0.010|0.010|0.010|0.000|0.00|1,000
463428|POS-C28|0.005|0.000|0.000|0.000|0.00|0
463429|POS-C29|0.035|0.000|0.000|0.000|0.00|0
463430|POS-C30|0.055|0.000|0.000|0.000|0.00|0
463431|POS-C31|0.085|0.085|0.080|-0.005|-5.88|4,101
463432|POS-C32|0.045|0.000|0.000|0.000|0.00|0
463433|POS-C33|0.135|0.130|0.125|-0.010|-7.41|1,530
463434|POS-C34|0.100|0.000|0.000|0.000|0.00|0
4065|PPB|18.340|18.400|18.320|-0.020|-0.11|5,144
4065CJ|PPB-CJ|0.115|0.000|0.000|0.000|0.00|0
7190|PPG|0.410|0.405|0.405|-0.005|-1.22|1
8273|PPHB|0.620|0.625|0.605|-0.015|-2.42|4,429
5204|PRESBHD|0.575|0.570|0.535|-0.040|-6.96|232,059
9873|PRESTAR|0.695|0.695|0.665|-0.030|-4.32|4,698
7168|PRG|0.735|0.735|0.735|0.000|0.00|2,405
7168WA|PRG-WA|0.380|0.000|0.000|0.000|0.00|0
0123|PRIVA|0.065|0.065|0.060|-0.005|-7.69|6,350
8346|PRKCORP|0.420|0.420|0.400|-0.020|-4.76|25
8966|PRLEXUS|0.610|0.610|0.610|0.000|0.00|1,654
8966WA|PRLEXUS-WA|0.095|0.100|0.100|+0.005|+5.26|302
5070|PRTASCO|0.260|0.265|0.255|-0.005|-1.92|23,437
5070WA|PRTASCO-WA|0.060|0.060|0.055|-0.005|-8.33|714
7145|PSIPTEK|0.130|0.130|0.130|0.000|0.00|2,345
7145WA|PSIPTEK-WA|0.035|0.030|0.035|0.000|0.00|689
9598|PTARAS|2.150|2.150|2.150|0.000|0.00|534
0038|PTB|0.150|0.130|0.130|-0.020|-13.33|300
0186|PTRANS|0.240|0.235|0.235|-0.005|-2.08|90,074
0186WA|PTRANS-WA|0.065|0.065|0.060|-0.005|-7.69|29,206
0007|PUC|0.105|0.105|0.095|-0.010|-9.52|710,139
0007WA|PUC-WA|0.080|0.080|0.070|-0.010|-12.50|12,061
6807|PUNCAK|0.395|0.390|0.390|-0.005|-1.27|7,732
7134|PWF|0.820|0.800|0.800|-0.020|-2.44|15
7134WA|PWF-WA|0.390|0.000|0.000|0.000|0.00|0
7123|PWORTH|0.055|0.060|0.055|0.000|0.00|100,495
7237|PWROOT|1.370|1.360|1.370|0.000|0.00|148
7237WA|PWROOT-WA|0.265|0.270|0.270|+0.005|+1.89|100
0196|QES|0.245|0.245|0.255|+0.010|+4.08|271,658
7084|QL|6.900|6.890|6.900|0.000|0.00|5,643
7084CL|QL-CL|0.050|0.000|0.000|0.000|0.00|0
7084CM|QL-CM|0.060|0.055|0.055|-0.005|-8.33|1,000
7084CN|QL-CN|0.090|0.095|0.090|0.000|0.00|4
7084CO|QL-CO|0.130|0.000|0.000|0.000|0.00|0
7544|QUALITY|0.815|0.000|0.000|0.000|0.00|0
7498|RALCO|0.220|0.000|0.000|0.000|0.00|0
7498WB|RALCO-WB|0.010|0.005|0.010|0.000|0.00|5,157
5272|RANHILL|1.370|1.380|1.330|-0.040|-2.92|1,813
7765|RAPID|5.600|5.530|5.670|+0.070|+1.25|25,185
9296|RCECAP|1.650|1.640|1.620|-0.030|-1.82|911
5256|REACH|0.330|0.330|0.315|-0.015|-4.55|52,603
5256WA|REACH-WA|0.060|0.065|0.060|0.000|0.00|81,633
03002|REDIDEA|0.280|0.000|0.000|0.000|0.00|0
0032|REDTONE|0.280|0.275|0.260|-0.020|-7.14|18,091
0032LA|REDTONE-LA|0.130|0.100|0.100|-0.030|-23.08|97
7232|RESINTC|0.295|0.290|0.290|-0.005|-1.69|105
0173|REV|0.225|0.220|0.210|-0.015|-6.67|1,300
0200|REVENUE|1.270|1.270|1.260|-0.010|-0.79|6,748
0200WA|REVENUE-WA|0.425|0.425|0.425|0.000|0.00|7,800
9946|REX|0.410|0.405|0.420|+0.010|+2.44|230
0106|REXIT|0.610|0.600|0.590|-0.020|-3.28|400
0037|RGB|0.215|0.215|0.215|0.000|0.00|28,555
9954|RGTBHD|0.185|0.185|0.180|-0.005|-2.70|6,969
9954WB|RGTBHD-WB|0.115|0.110|0.110|-0.005|-4.35|1,805
0202|RGTECH|0.240|0.240|0.240|0.000|0.00|1,877
1066|RHBBANK|5.790|5.830|5.780|-0.010|-0.17|24,399
106610|RHBBANKC10|0.090|0.000|0.000|0.000|0.00|0
106611|RHBBANKC11|0.055|0.060|0.055|0.000|0.00|2,714
106612|RHBBANKC12|0.105|0.110|0.105|0.000|0.00|800
106613|RHBBANKC13|0.090|0.090|0.085|-0.005|-5.56|1,000
5278|RHONEMA|0.770|0.735|0.780|+0.010|+1.30|180
9741|ROHAS|0.645|0.655|0.645|0.000|0.00|12,794
5113|RSAWIT|0.190|0.190|0.190|0.000|0.00|760
5270|RSENA|0.505|0.000|0.000|0.000|0.00|0
7803|RUBEREX|0.450|0.450|0.450|0.000|0.00|100
2542|RVIEW|3.020|0.000|0.000|0.000|0.00|0
5134|SAB|3.760|3.760|3.760|0.000|0.00|10
8567|SALCON|0.285|0.290|0.270|-0.015|-5.26|23,149
8567WB|SALCON-WB|0.085|0.085|0.085|0.000|0.00|30,180
0183|SALUTE|0.380|0.370|0.365|-0.015|-3.95|8,112
9822|SAM|7.660|7.550|7.660|0.000|0.00|282
5147|SAMCHEM|0.600|0.605|0.605|+0.005|+0.83|3,424
9113|SANBUMI|0.345|0.340|0.335|-0.010|-2.90|12,345
0541C9|SANDS-C9|0.115|0.000|0.000|0.000|0.00|0
0133|SANICHI|0.055|0.055|0.055|0.000|0.00|24,826
0133WC|SANICHI-WC|0.005|0.000|0.000|0.000|0.00|0
0133WD|SANICHI-WD|0.005|0.000|0.000|0.000|0.00|0
0133WE|SANICHI-WE|0.015|0.000|0.000|0.000|0.00|0
7811|SAPIND|0.710|0.000|0.000|0.000|0.00|0
5218|SAPNRG|0.360|0.360|0.345|-0.015|-4.17|2,589,591
5218PA|SAPNRG-PA|0.390|0.000|0.000|0.000|0.00|0
5218WA|SAPNRG-WA|0.145|0.145|0.130|-0.015|-10.34|968,580
521868|SAPNRGC68|0.005|0.000|0.000|0.000|0.00|0
521869|SAPNRGC69|0.005|0.000|0.000|0.000|0.00|0
521870|SAPNRGC70|0.070|0.000|0.000|0.000|0.00|0
521871|SAPNRGC71|0.010|0.000|0.000|0.000|0.00|0
521872|SAPNRGC72|0.010|0.000|0.000|0.000|0.00|0
521873|SAPNRGC73|0.050|0.035|0.035|-0.015|-30.00|2,500
521874|SAPNRGC74|0.045|0.040|0.040|-0.005|-11.11|11,195
521875|SAPNRGC75|0.100|0.095|0.090|-0.010|-10.00|21,010
521876|SAPNRGC76|0.095|0.090|0.085|-0.010|-10.53|63,720
4596|SAPRES|0.610|0.000|0.000|0.000|0.00|0
5252|SASBADI|0.265|0.265|0.245|-0.020|-7.55|64,563
5157|SAUDEE|0.320|0.320|0.320|0.000|0.00|357
5157WA|SAUDEE-WA|0.130|0.000|0.000|0.000|0.00|0
2569|SBAGAN|2.920|0.000|0.000|0.000|0.00|0
5207|SBCCORP|0.495|0.500|0.500|+0.005|+1.01|10
5170|SCABLE|0.380|0.385|0.365|-0.015|-3.95|9,200
0109|SCBUILD|0.025|0.025|0.025|0.000|0.00|2,000
0109WB|SCBUILD-WB|0.005|0.000|0.000|0.000|0.00|0
0158|SCC|0.510|0.000|0.000|0.000|0.00|0
7247|SCGM|1.160|1.160|1.160|0.000|0.00|996
7247WA|SCGM-WA|0.090|0.090|0.100|+0.010|+11.11|41
0161|SCH|0.135|0.135|0.130|-0.005|-3.70|1,240
0161WA|SCH-WA|0.040|0.040|0.040|0.000|0.00|75
9237|SCIB|0.670|0.625|0.600|-0.070|-10.45|235
0099|SCICOM|1.160|0.000|0.000|0.000|0.00|0
4731|SCIENTX|8.460|8.460|8.460|0.000|0.00|2,372
4731CF|SCIENTX-CF|0.055|0.060|0.060|+0.005|+9.09|4
7239|SCNWOLF|0.175|0.000|0.000|0.000|0.00|0
7158|SCOMI|0.045|0.045|0.045|0.000|0.00|24,061
7158WB|SCOMI-WB|0.015|0.015|0.010|-0.005|-33.33|690
7045|SCOMIES|0.080|0.080|0.080|0.000|0.00|52,756
0001|SCOMNET|0.790|0.790|0.785|-0.005|-0.63|4,983
0028|SCOPE|0.235|0.230|0.225|-0.010|-4.26|26,809
0028WA|SCOPE-WA|0.085|0.085|0.085|0.000|0.00|390
2224|SDRED|0.650|0.645|0.640|-0.010|-1.54|1,050
7073|SEACERA|0.385|0.380|0.370|-0.015|-3.90|373,726
7073WB|SEACERA-WB|0.005|0.000|0.000|0.000|0.00|0
7073WC|SEACERA-WC|0.045|0.040|0.040|-0.005|-11.11|73,717
4286|SEAL|0.340|0.340|0.380|+0.040|+11.76|2,389
5145|SEALINK|0.200|0.200|0.195|-0.005|-2.50|19,685
5163|SEB|0.390|0.390|0.390|0.000|0.00|646
0178|SEDANIA|0.120|0.120|0.120|0.000|0.00|100
7053|SEEHUP|0.910|0.910|0.910|0.000|0.00|501
03009|SEERS|0.100|0.000|0.000|0.000|0.00|0
9792|SEG|0.630|0.625|0.630|0.000|0.00|2,070
5250|SEM|1.450|1.450|1.430|-0.020|-1.38|2,319
5205|SENDAI|0.495|0.500|0.465|-0.030|-6.06|270,789
5279|SERBADK|3.890|3.870|3.900|+0.010|+0.26|10,730
5279CN|SERBADK-CN|0.010|0.000|0.000|0.000|0.00|0
5279CP|SERBADK-CP|0.090|0.000|0.000|0.000|0.00|0
5279CQ|SERBADK-CQ|0.170|0.000|0.000|0.000|0.00|0
5279CR|SERBADK-CR|0.150|0.000|0.000|0.000|0.00|0
5279CS|SERBADK-CS|0.100|0.100|0.100|0.000|0.00|6,400
7180|SERNKOU|0.525|0.540|0.540|+0.015|+2.86|400
7180WA|SERNKOU-WA|0.220|0.190|0.190|-0.030|-13.64|200
0055|SERSOL|0.110|0.100|0.100|-0.010|-9.09|100
0055WA|SERSOL-WA|0.050|0.045|0.045|-0.005|-10.00|3,201
5517|SHANG|5.710|5.700|5.590|-0.120|-2.10|8,367
4316|SHCHAN|0.360|0.370|0.370|+0.010|+2.78|100
7412|SHH|0.495|0.470|0.495|0.000|0.00|90
6017|SHL|2.440|2.450|2.460|+0.020|+0.82|508
5181|SIGGAS|0.875|0.870|0.860|-0.015|-1.71|620
7246|SIGN|0.445|0.445|0.445|0.000|0.00|2,301
7246WA|SIGN-WA|0.075|0.070|0.070|-0.005|-6.67|824
4197|SIME|2.180|2.180|2.170|-0.010|-0.46|35,608
419725|SIME-C25|0.005|0.000|0.000|0.000|0.00|0
419727|SIME-C27|0.005|0.000|0.000|0.000|0.00|0
419728|SIME-C28|0.015|0.000|0.000|0.000|0.00|0
419729|SIME-C29|0.040|0.000|0.000|0.000|0.00|0
419730|SIME-C30|0.035|0.000|0.000|0.000|0.00|0
419731|SIME-C31|0.035|0.000|0.000|0.000|0.00|0
419732|SIME-C32|0.080|0.080|0.080|0.000|0.00|9,600
419733|SIME-C33|0.050|0.000|0.000|0.000|0.00|0
5285|SIMEPLT|5.100|5.090|5.090|-0.010|-0.20|9,966
5285CH|SIMEPLT-CH|0.030|0.000|0.000|0.000|0.00|0
5285CI|SIMEPLT-CI|0.040|0.035|0.035|-0.005|-12.50|102
5285CJ|SIMEPLT-CJ|0.095|0.000|0.000|0.000|0.00|0
5288|SIMEPROP|1.060|1.060|1.110|+0.050|+4.72|14,332
5288CG|SIMEPROP-CG|0.020|0.000|0.000|0.000|0.00|0
5288CH|SIMEPROP-CH|0.050|0.000|0.000|0.000|0.00|0
5288CJ|SIMEPROP-CJ|0.020|0.000|0.000|0.000|0.00|0
5288CK|SIMEPROP-CK|0.045|0.000|0.000|0.000|0.00|0
5288CL|SIMEPROP-CL|0.065|0.000|0.000|0.000|0.00|0
8532|SINOTOP|0.310|0.285|0.285|-0.025|-8.06|100
9431|SJC|0.600|0.000|0.000|0.000|0.00|0
7115|SKBSHUT|0.650|0.000|0.000|0.000|0.00|0
7155|SKPRES|1.360|1.360|1.350|-0.010|-0.74|14,354
7155CN|SKPRES-CN|0.040|0.000|0.000|0.000|0.00|0
7155CO|SKPRES-CO|0.050|0.045|0.045|-0.005|-10.00|14,800
7155CP|SKPRES-CP|0.050|0.000|0.000|0.000|0.00|0
7155CQ|SKPRES-CQ|0.115|0.000|0.000|0.000|0.00|0
03008|SLIC|0.420|0.000|0.000|0.000|0.00|0
7248|SLP|1.230|1.210|1.220|-0.010|-0.81|188
9776|SMCAP|0.225|0.220|0.200|-0.025|-11.11|101,723
9776WC|SMCAP-WC|0.095|0.095|0.100|+0.005|+5.26|5,512
0203|SMETRIC|0.545|0.545|0.535|-0.010|-1.83|1,226
4375|SMI|0.175|0.175|0.180|+0.005|+2.86|18,689
7132|SMISCOR|0.480|0.420|0.420|-0.060|-12.50|100
0117|SMRT|0.120|0.115|0.120|0.000|0.00|1,302
0169|SMTRACK|0.085|0.085|0.085|0.000|0.00|3,625
7943|SNC|0.235|0.000|0.000|0.000|0.00|0
5213|SNTORIA|0.390|0.370|0.390|0.000|0.00|342
5213WA|SNTORIA-WA|0.005|0.000|0.000|0.000|0.00|0
5213WB|SNTORIA-WB|0.055|0.000|0.000|0.000|0.00|0
5242|SOLID|0.295|0.000|0.000|0.000|0.00|0
5242WA|SOLID-WA|0.080|0.080|0.080|0.000|0.00|200
0093|SOLUTN|0.090|0.090|0.090|0.000|0.00|1,549
0093WA|SOLUTN-WA|0.030|0.000|0.000|0.000|0.00|0
5126|SOP|2.530|2.520|2.520|-0.010|-0.40|32
0656CG|SP500-CG|0.890|0.900|0.930|+0.040|+4.49|305
0656CH|SP500-CH|1.440|0.000|0.000|0.000|0.00|0
0656CI|SP500-CI|0.940|0.000|0.000|0.000|0.00|0
0656HG|SP500-HG|0.180|0.165|0.165|-0.015|-8.33|2,110
0656HH|SP500-HH|0.285|0.270|0.270|-0.015|-5.26|428
0656HI|SP500-HI|1.010|0.785|0.785|-0.225|-22.28|315
1783|SPB|6.230|6.230|6.230|0.000|0.00|1,344
7103|SPRITZER|2.170|2.170|2.100|-0.070|-3.23|145
8664|SPSETIA|2.250|2.270|2.250|0.000|0.00|4,089
866410|SPSETIA-C10|0.010|0.000|0.000|0.000|0.00|0
866411|SPSETIA-C11|0.070|0.070|0.070|0.000|0.00|2,500
866412|SPSETIA-C12|0.105|0.000|0.000|0.000|0.00|0
866413|SPSETIA-C13|0.085|0.000|0.000|0.000|0.00|0
866414|SPSETIA-C14|0.115|0.000|0.000|0.000|0.00|0
866415|SPSETIA-C15|0.150|0.000|0.000|0.000|0.00|0
866416|SPSETIA-C16|0.075|0.000|0.000|0.000|0.00|0
8664C9|SPSETIA-C9|0.005|0.000|0.000|0.000|0.00|0
8664PA|SPSETIA-PA|0.900|0.880|0.880|-0.020|-2.22|18
8664PB|SPSETIA-PB|0.780|0.765|0.765|-0.015|-1.92|18
0129|SRIDGE|0.220|0.220|0.215|-0.005|-2.27|2,490
0129WA|SRIDGE-WA|0.060|0.060|0.055|-0.005|-8.33|3,450
5665|SSTEEL|0.825|0.825|0.825|0.000|0.00|945
5665LB|SSTEEL-LB|0.760|0.000|0.000|0.000|0.00|0
6084|STAR|0.790|0.790|0.790|0.000|0.00|738
0140|STERPRO|0.175|0.175|0.165|-0.010|-5.71|1,470
0140WA|STERPRO-WA|0.040|0.000|0.000|0.000|0.00|0
7143|STONE|0.115|0.000|0.000|0.000|0.00|0
7143WA|STONE-WA|0.015|0.000|0.000|0.000|0.00|0
0080|STRAITS|0.260|0.260|0.260|0.000|0.00|62,947
0080WA|STRAITS-WA|0.160|0.155|0.155|-0.005|-3.13|36,231
6904|SUBUR|0.505|0.510|0.520|+0.015|+2.97|91
7207|SUCCESS|0.680|0.680|0.665|-0.015|-2.21|6,466
9865|SUIWAH|2.680|2.680|2.670|-0.010|-0.37|1,235
1201|SUMATEC|0.010|0.010|0.010|0.000|0.00|22,818
1201WA|SUMATEC-WA|0.005|0.000|0.000|0.000|0.00|0
5263|SUNCON|1.850|1.850|1.850|0.000|0.00|4,390
5263CU|SUNCON-CU|0.055|0.000|0.000|0.000|0.00|0
5263CV|SUNCON-CV|0.040|0.000|0.000|0.000|0.00|0
5176|SUNREIT|1.780|1.780|1.770|-0.010|-0.56|15,575
3743|SUNSURIA|0.635|0.635|0.680|+0.045|+7.09|1,978
3743WA|SUNSURIA-WA|0.045|0.000|0.000|0.000|0.00|0
5211|SUNWAY|1.680|1.680|1.680|0.000|0.00|19,134
5211WB|SUNWAY-WB|0.285|0.280|0.285|0.000|0.00|17,731
0148|SUNZEN|0.160|0.160|0.160|0.000|0.00|3,100
0148WA|SUNZEN-WA|0.045|0.040|0.040|-0.005|-11.11|2,855
0148WB|SUNZEN-WB|0.055|0.000|0.000|0.000|0.00|0
7235|SUPERLN|1.350|1.350|1.350|0.000|0.00|1,353
7106|SUPERMX|1.460|1.460|1.440|-0.020|-1.37|42,230
710648|SUPERMX-C48|0.005|0.000|0.000|0.000|0.00|0
710650|SUPERMX-C50|0.005|0.000|0.000|0.000|0.00|0
710652|SUPERMX-C52|0.005|0.000|0.000|0.000|0.00|0
710653|SUPERMX-C53|0.005|0.000|0.000|0.000|0.00|0
710654|SUPERMX-C54|0.095|0.040|0.040|-0.055|-57.89|280
710655|SUPERMX-C55|0.030|0.030|0.030|0.000|0.00|4,780
710656|SUPERMX-C56|0.085|0.085|0.080|-0.005|-5.88|9,500
710657|SUPERMX-C57|0.080|0.075|0.075|-0.005|-6.25|200
710658|SUPERMX-C58|0.050|0.000|0.000|0.000|0.00|0
710659|SUPERMX-C59|0.070|0.065|0.065|-0.005|-7.14|1,600
710660|SUPERMX-C60|0.035|0.030|0.030|-0.005|-14.29|260
710661|SUPERMX-C61|0.045|0.000|0.000|0.000|0.00|0
710662|SUPERMX-C62|0.060|0.060|0.060|0.000|0.00|19,380
710663|SUPERMX-C63|0.060|0.000|0.000|0.000|0.00|0
710664|SUPERMX-C64|0.080|0.000|0.000|0.000|0.00|0
710665|SUPERMX-C65|0.095|0.000|0.000|0.000|0.00|0
710666|SUPERMX-C66|0.080|0.080|0.075|-0.005|-6.25|5,600
03018|SUPREME|0.680|0.000|0.000|0.000|0.00|0
6521|SURIA|1.380|1.380|1.390|+0.010|+0.72|776
5135|SWKPLNT|1.530|0.000|0.000|0.000|0.00|0
7186|SWSCAP|0.675|0.675|0.680|+0.005|+0.74|12
7186WB|SWSCAP-WB|0.070|0.065|0.080|+0.010|+14.29|1,010
9717|SYCAL|0.235|0.230|0.225|-0.010|-4.26|1,455
7082|SYF|0.225|0.230|0.225|0.000|0.00|1,077
7082WB|SYF-WB|0.010|0.000|0.000|0.000|0.00|0
1538|SYMLIFE|0.420|0.415|0.420|0.000|0.00|1,711
1538WB|SYMLIFE-WB|0.035|0.035|0.035|0.000|0.00|1,850
5173|SYSCORP|0.330|0.315|0.310|-0.020|-6.06|1,771
0050|SYSTECH|0.265|0.265|0.245|-0.020|-7.55|6,419
7228|T7GLOBAL|0.525|0.525|0.520|-0.005|-0.95|50,639
4898|TA|0.620|0.625|0.625|+0.005|+0.81|2,871
5012|TAANN|2.330|2.330|2.340|+0.010|+0.43|874
5012CM|TAANN-CM|0.080|0.000|0.000|0.000|0.00|0
4022|TADMAX|0.225|0.230|0.220|-0.005|-2.22|13,032
7211|TAFI|0.340|0.000|0.000|0.000|0.00|0
5158|TAGB|0.250|0.250|0.250|0.000|0.00|3,509
6139|TAKAFUL|4.480|4.480|4.500|+0.020|+0.45|3,167
6139CC|TAKAFUL-CC|0.060|0.065|0.060|0.000|0.00|5,480
6139CD|TAKAFUL-CD|0.130|0.125|0.130|0.000|0.00|16,150
2259|TALAMT|0.040|0.035|0.040|0.000|0.00|143,707
8524|TALIWRK|0.920|0.930|0.900|-0.020|-2.17|4,516
8524CE|TALIWRK-CE|0.155|0.150|0.150|-0.005|-3.23|6,400
5191|TAMBUN|0.820|0.820|0.790|-0.030|-3.66|2,475
2429|TANCO|0.050|0.000|0.000|0.000|0.00|0
2429WB|TANCO-WB|0.025|0.025|0.025|0.000|0.00|56
5149|TAS|0.310|0.310|0.285|-0.025|-8.06|18,467
5140|TASCO|1.600|1.600|1.540|-0.060|-3.75|754
4448|TASEK|4.770|4.770|4.700|-0.070|-1.47|134
4448P|TASEK-PA|10.100|0.000|0.000|0.000|0.00|0
7097|TAWIN|0.510|0.500|0.510|0.000|0.00|3,264
4405|TCHONG|1.610|1.600|1.600|-0.010|-0.62|49
0132|TDEX|0.080|0.000|0.000|0.000|0.00|0
2054|TDM|0.175|0.175|0.170|-0.005|-2.86|25,189
0084|TECFAST|0.350|0.355|0.340|-0.010|-2.86|12,985
7439|TECGUAN|1.050|1.040|1.030|-0.020|-1.90|1,146
5289|TECHBND|0.790|0.790|0.765|-0.025|-3.16|3,846
7200|TEKSENG|0.245|0.240|0.240|-0.005|-2.04|1,055
7200WA|TEKSENG-WA|0.050|0.045|0.045|-0.005|-10.00|3,442
5347|TENAGA|13.060|13.080|13.200|+0.140|+1.07|18,865
534747|TENAGA-C47|0.050|0.000|0.000|0.000|0.00|0
534749|TENAGA-C49|0.005|0.000|0.000|0.000|0.00|0
534750|TENAGA-C50|0.045|0.045|0.050|+0.005|+11.11|10,580
534751|TENAGA-C51|0.045|0.040|0.045|0.000|0.00|10,655
534752|TENAGA-C52|0.040|0.000|0.000|0.000|0.00|0
534753|TENAGA-C53|0.060|0.065|0.065|+0.005|+8.33|1,930
534754|TENAGA-C54|0.105|0.105|0.115|+0.010|+9.52|22,230
0546C7|TENCENT-C7|0.205|0.205|0.205|0.000|0.00|100
7252|TEOSENG|1.280|1.250|1.250|-0.030|-2.34|2,608
7252WA|TEOSENG-WA|0.280|0.270|0.265|-0.015|-5.36|800
8702|TEXCHEM|0.680|0.700|0.700|+0.020|+2.94|143
0089|TEXCYCL|0.530|0.530|0.530|0.000|0.00|80
0145|TFP|0.095|0.110|0.110|+0.015|+15.79|20
9369|TGL|1.000|0.000|0.000|0.000|0.00|0
7034|TGUAN|2.590|2.590|2.530|-0.060|-2.32|421
7034LA|TGUAN-LA|2.600|0.000|0.000|0.000|0.00|0
7034WA|TGUAN-WA|1.060|1.060|1.060|0.000|0.00|28
9075|THETA|0.425|0.430|0.420|-0.005|-1.18|1,218
7206|THHEAVY|0.065|0.065|0.060|-0.005|-7.69|53,337
7206PB|THHEAVY-PB|0.075|0.000|0.000|0.000|0.00|0
5112|THPLANT|0.525|0.000|0.000|0.000|0.00|0
7889|THRIVEN|0.240|0.240|0.250|+0.010|+4.17|116,549
7889WB|THRIVEN-WB|0.080|0.080|0.085|+0.005|+6.25|47,520
7374|TIENWAH|1.350|0.000|0.000|0.000|0.00|0
7079|TIGER|0.075|0.075|0.070|-0.005|-6.67|9,677
7079WC|TIGER-WC|0.015|0.000|0.000|0.000|0.00|0
5031|TIMECOM|8.700|8.820|8.700|0.000|0.00|8,749
7854|TIMWELL|0.640|0.570|0.630|-0.010|-1.56|45
5239|TITIJYA|0.315|0.315|0.315|0.000|0.00|2,371
5239PA|TITIJYA-PA|0.035|0.000|0.000|0.000|0.00|0
4863|TM|3.220|3.180|3.180|-0.040|-1.24|11,573
486327|TM-C27|0.005|0.000|0.000|0.000|0.00|0
486328|TM-C28|0.005|0.005|0.005|0.000|0.00|2,500
486330|TM-C30|0.045|0.000|0.000|0.000|0.00|0
486331|TM-C31|0.050|0.000|0.000|0.000|0.00|0
486332|TM-C32|0.015|0.000|0.000|0.000|0.00|0
486333|TM-C33|0.065|0.000|0.000|0.000|0.00|0
486334|TM-C34|0.110|0.100|0.105|-0.005|-4.55|4
486335|TM-C35|0.115|0.120|0.125|+0.010|+8.70|1,242
486336|TM-C36|0.245|0.000|0.000|0.000|0.00|0
486337|TM-C37|0.380|0.375|0.375|-0.005|-1.32|110
486338|TM-C38|0.205|0.000|0.000|0.000|0.00|0
486339|TM-C39|0.240|0.245|0.255|+0.015|+6.25|400
486340|TM-C40|0.165|0.000|0.000|0.000|0.00|0
486341|TM-C41|0.150|0.100|0.095|-0.055|-36.67|5,000
0101|TMCLIFE|0.725|0.725|0.725|0.000|0.00|6,853
0101WB|TMCLIFE-WB|0.020|0.015|0.015|-0.005|-25.00|1,100
8397|TNLOGIS|0.615|0.615|0.615|0.000|0.00|580
7218|TOCEAN|0.685|0.700|0.760|+0.075|+10.95|2,274
7230|TOMEI|0.515|0.000|0.000|0.000|0.00|0
7285|TOMYPAK|0.505|0.505|0.505|0.000|0.00|2,741
7285WA|TOMYPAK-WA|0.160|0.150|0.160|0.000|0.00|3,860
5010|TONGHER|3.540|3.560|3.520|-0.020|-0.56|240
7113|TOPGLOV|4.520|4.530|4.500|-0.020|-0.44|57,107
711333|TOPGLOV-C33|0.005|0.000|0.000|0.000|0.00|0
711340|TOPGLOV-C40|0.005|0.000|0.000|0.000|0.00|0
711341|TOPGLOV-C41|0.010|0.000|0.000|0.000|0.00|0
711342|TOPGLOV-C42|0.025|0.025|0.025|0.000|0.00|240
711343|TOPGLOV-C43|0.035|0.000|0.000|0.000|0.00|0
711344|TOPGLOV-C44|0.030|0.000|0.000|0.000|0.00|0
711345|TOPGLOV-C45|0.090|0.085|0.090|0.000|0.00|7,837
711346|TOPGLOV-C46|0.080|0.075|0.075|-0.005|-6.25|58,375
711347|TOPGLOV-C47|0.100|0.095|0.095|-0.005|-5.00|52
711348|TOPGLOV-C48|0.070|0.070|0.065|-0.005|-7.14|7,234
711349|TOPGLOV-C49|0.140|0.140|0.140|0.000|0.00|39,600
711350|TOPGLOV-C50|0.105|0.100|0.100|-0.005|-4.76|200
03013|TOPVISN|0.400|0.000|0.000|0.000|0.00|0
7173|TOYOINK|0.620|0.620|0.660|+0.040|+6.45|331
7173WB|TOYOINK-WB|0.095|0.090|0.095|0.000|0.00|1,050
7176|TPC|0.410|0.415|0.415|+0.005|+1.22|218
7176WA|TPC-WA|0.225|0.225|0.230|+0.005|+2.22|423
5054|TRC|0.635|0.635|0.640|+0.005|+0.79|20,083
0199|TRIMODE|0.450|0.430|0.430|-0.020|-4.44|381
0118|TRIVE|0.020|0.020|0.020|0.000|0.00|4,954
0118WB|TRIVE-WB|0.005|0.000|0.000|0.000|0.00|0
5401|TROP|0.880|0.885|0.885|+0.005|+0.57|650
5401WA|TROP-WA|0.025|0.025|0.025|0.000|0.00|1
9059|TSH|1.080|1.080|1.100|+0.020|+1.85|7,085
5042|TSRCAP|0.400|0.000|0.000|0.000|0.00|0
5042WB|TSRCAP-WB|0.045|0.000|0.000|0.000|0.00|0
5230|TUNEPRO|0.680|0.685|0.680|0.000|0.00|5,650
5167|TURBO|0.780|0.770|0.775|-0.005|-0.64|1,290
4359|TURIYA|0.150|0.000|0.000|0.000|0.00|0
5111|TWRREIT|0.910|0.900|0.900|-0.010|-1.10|4
7100|UCHITEC|2.710|2.700|2.710|0.000|0.00|1,387
7100CE|UCHITEC-CE|0.025|0.000|0.000|0.000|0.00|0
7100CF|UCHITEC-CF|0.100|0.000|0.000|0.000|0.00|0
0005|UCREST|0.275|0.275|0.270|-0.005|-1.82|51,478
5148|UEMS|0.845|0.845|0.845|0.000|0.00|12,685
514864|UEMS-C64|0.040|0.000|0.000|0.000|0.00|0
514865|UEMS-C65|0.080|0.080|0.080|0.000|0.00|100
514866|UEMS-C66|0.060|0.000|0.000|0.000|0.00|0
7133|ULICORP|0.425|0.425|0.410|-0.015|-3.53|4,290
2593|UMCCA|5.400|5.350|5.350|-0.050|-0.93|841
7137|UMS|2.190|0.000|0.000|0.000|0.00|0
7227|UMSNGB|0.965|0.965|0.965|0.000|0.00|148
4588|UMW|5.750|5.700|5.760|+0.010|+0.17|5,008
458811|UMW-C11|0.035|0.000|0.000|0.000|0.00|0
458812|UMW-C12|0.210|0.000|0.000|0.000|0.00|0
458813|UMW-C13|0.200|0.200|0.200|0.000|0.00|1,040
458814|UMW-C14|0.195|0.000|0.000|0.000|0.00|0
458815|UMW-C15|0.205|0.195|0.200|-0.005|-2.44|1,078
458816|UMW-C16|0.115|0.000|0.000|0.000|0.00|0
458817|UMW-C17|0.115|0.105|0.105|-0.010|-8.70|300
4588C9|UMW-C9|0.025|0.000|0.000|0.000|0.00|0
7091|UNIMECH|1.130|1.130|1.130|0.000|0.00|3,089
5005|UNISEM|2.670|2.670|2.650|-0.020|-0.75|177
500511|UNISEM-C11|0.220|0.000|0.000|0.000|0.00|0
500512|UNISEM-C12|0.015|0.000|0.000|0.000|0.00|0
500514|UNISEM-C14|0.045|0.000|0.000|0.000|0.00|0
500515|UNISEM-C15|0.060|0.000|0.000|0.000|0.00|0
03017|UNIWALL|0.320|0.000|0.000|0.000|0.00|0
5200|UOADEV|2.190|2.190|2.180|-0.010|-0.46|3,162
5110|UOAREIT|1.370|1.370|1.360|-0.010|-0.73|87
7757|UPA|2.200|2.200|2.200|0.000|0.00|10
2089|UTDPLT|27.400|27.400|27.420|+0.020|+0.07|126
5754|UTUSAN|0.170|0.155|0.160|-0.010|-5.88|333
7250|UZMA|1.010|1.000|0.990|-0.020|-1.98|16,693
0060|VC|0.155|0.155|0.160|+0.005|+3.23|3,945
5243|VELESTO|0.305|0.310|0.285|-0.020|-6.56|408,385
524324|VELESTO-C24|0.215|0.000|0.000|0.000|0.00|0
524325|VELESTO-C25|0.025|0.000|0.000|0.000|0.00|0
524326|VELESTO-C26|0.120|0.000|0.000|0.000|0.00|0
524327|VELESTO-C27|0.110|0.105|0.100|-0.010|-9.09|302
5243WA|VELESTO-WA|0.115|0.115|0.110|-0.005|-4.35|57,347
4995|VERSATL|0.380|0.375|0.395|+0.015|+3.95|224
7240|VERTICE|0.855|0.850|0.870|+0.015|+1.75|123
7240WA|VERTICE-WA|0.500|0.495|0.500|0.000|0.00|81
0120|VIS|0.515|0.520|0.520|+0.005|+0.97|24,594
0120WB|VIS-WB|0.185|0.190|0.190|+0.005|+2.70|7,295
0097|VITROX|7.170|7.170|7.010|-0.160|-2.23|3,417
0097CL|VITROX-CL|0.020|0.000|0.000|0.000|0.00|0
0097CM|VITROX-CM|0.060|0.000|0.000|0.000|0.00|0
0069|VIVOCOM|0.020|0.020|0.015|-0.005|-25.00|19,427
0069WC|VIVOCOM-WC|0.005|0.000|0.000|0.000|0.00|0
0069WD|VIVOCOM-WD|0.005|0.000|0.000|0.000|0.00|0
0069WE|VIVOCOM-WE|0.005|0.000|0.000|0.000|0.00|0
7070|VIZIONE|0.980|0.980|0.980|0.000|0.00|3,518
7070LA|VIZIONE-LA|0.070|0.000|0.000|0.000|0.00|0
7070WC|VIZIONE-WC|0.385|0.385|0.400|+0.015|+3.90|37
6963|VS|0.980|0.980|0.965|-0.015|-1.53|124,813
696310|VS-C10|0.090|0.090|0.085|-0.005|-5.56|26,418
696311|VS-C11|0.205|0.000|0.000|0.000|0.00|0
696312|VS-C12|0.080|0.075|0.075|-0.005|-6.25|1,000
696313|VS-C13|0.095|0.095|0.095|0.000|0.00|8,499
696314|VS-C14|0.150|0.065|0.060|-0.090|-60.00|18,600
6963C5|VS-C5|0.005|0.000|0.000|0.000|0.00|0
6963C6|VS-C6|0.005|0.000|0.000|0.000|0.00|0
6963C7|VS-C7|0.005|0.000|0.000|0.000|0.00|0
6963C8|VS-C8|0.160|0.160|0.160|0.000|0.00|300
6963C9|VS-C9|0.130|0.120|0.125|-0.005|-3.85|780
0066|VSOLAR|0.210|0.215|0.225|+0.015|+7.14|276,733
5162|VSTECS|1.000|0.995|0.995|-0.005|-0.50|295
7203|WANGZNG|1.090|0.000|0.000|0.000|0.00|0
5016|WARISAN|2.100|0.000|0.000|0.000|0.00|0
5142|WASEONG|0.785|0.790|0.780|-0.005|-0.64|6,190
7226|WATTA|0.755|0.770|0.820|+0.065|+8.61|715
3565|WCEHB|0.525|0.520|0.535|+0.010|+1.90|3,259
9679|WCT|0.830|0.830|0.810|-0.020|-2.41|16,610
967914|WCT-C14|0.010|0.000|0.000|0.000|0.00|0
967915|WCT-C15|0.015|0.000|0.000|0.000|0.00|0
967916|WCT-C16|0.045|0.000|0.000|0.000|0.00|0
9679WE|WCT-WE|0.080|0.075|0.075|-0.005|-6.25|10,904
0197|WEGMANS|0.340|0.340|0.330|-0.010|-2.94|3,897
0197WA|WEGMANS-WA|0.150|0.145|0.150|0.000|0.00|4,300
7231|WELLCAL|1.270|1.270|1.270|0.000|0.00|115
0162|WIDAD|0.300|0.300|0.305|+0.005|+1.67|80,052
0162WA|WIDAD-WA|0.100|0.100|0.105|+0.005|+5.00|47,750
7692|WIDETEC|0.560|0.000|0.000|0.000|0.00|0
0008|WILLOW|0.450|0.450|0.450|0.000|0.00|2,374
0141|WINTONI|0.035|0.000|0.000|0.000|0.00|0
6378|WMG|0.135|0.145|0.135|0.000|0.00|1,028
7050|WONG|0.585|0.585|0.585|0.000|0.00|50
7025|WOODLAN|0.730|0.000|0.000|0.000|0.00|0
5246|WPRTS|3.830|3.820|3.720|-0.110|-2.87|2,212
5246CX|WPRTS-CX|0.050|0.000|0.000|0.000|0.00|0
5246CY|WPRTS-CY|0.135|0.145|0.145|+0.010|+7.41|500
5009|WTHORSE|1.190|1.190|1.190|0.000|0.00|180
4243|WTK|0.655|0.655|0.650|-0.005|-0.76|18,379
7245|WZSATU|0.310|0.310|0.300|-0.010|-3.23|6,739
7245WA|WZSATU-WA|0.125|0.120|0.120|-0.005|-4.00|1,750
5156|XDL|0.105|0.100|0.100|-0.005|-4.76|176,885
5156WD|XDL-WD|0.020|0.015|0.020|0.000|0.00|51
7121|XIANLNG|0.435|0.435|0.420|-0.015|-3.45|860
0581C1|XIAOMI-C1|0.015|0.020|0.020|+0.005|+33.33|100
0581C2|XIAOMI-C2|0.175|0.180|0.185|+0.010|+5.71|4,444
0095|XINGHE|0.035|0.030|0.035|0.000|0.00|26,000
0095WA|XINGHE-WA|0.005|0.000|0.000|0.000|0.00|0
5267|XINHWA|0.900|0.000|0.000|0.000|0.00|0
5155|XINQUAN|0.055|0.000|0.000|0.000|0.00|0
5155WA|XINQUAN-WA|0.005|0.000|0.000|0.000|0.00|0
5155WB|XINQUAN-WB|0.015|0.000|0.000|0.000|0.00|0
0165|XOX|0.055|0.055|0.055|0.000|0.00|19,002
7003|Y&G|0.910|0.000|0.000|0.000|0.00|0
7003WA|Y&G-WA|0.100|0.000|0.000|0.000|0.00|0
0025|YBS|0.145|0.000|0.000|0.000|0.00|0
5584|YEELEE|1.930|1.920|1.920|-0.010|-0.52|220
7122|YFG|0.005|0.000|0.000|0.000|0.00|0
0086|YGL|0.120|0.115|0.115|-0.005|-4.17|300
5048|YILAI|0.625|0.000|0.000|0.000|0.00|0
7293|YINSON|4.520|4.520|4.520|0.000|0.00|7,079
7293CT|YINSON-CT|0.030|0.030|0.030|0.000|0.00|981
7293CV|YINSON-CV|0.055|0.000|0.000|0.000|0.00|0
7293CW|YINSON-CW|0.100|0.100|0.095|-0.005|-5.00|4
7020|YKGI|0.125|0.120|0.125|0.000|0.00|4,318
7020WB|YKGI-WB|0.020|0.020|0.020|0.000|0.00|950
7014|YLI|0.290|0.280|0.280|-0.010|-3.45|90
3158|YNHPROP|1.190|1.170|1.200|+0.010|+0.84|65,283
5159|YOCB|1.190|1.190|1.190|0.000|0.00|680
7066|YONGTAI|0.380|0.380|0.365|-0.015|-3.95|25,894
7066PA|YONGTAI-PA|0.215|0.225|0.215|0.000|0.00|4,145
7066WA|YONGTAI-WA|0.105|0.105|0.100|-0.005|-4.76|3,800
7178|YSPSAH|2.830|2.850|2.840|+0.010|+0.35|120
4677|YTL|1.110|1.100|1.070|-0.040|-3.60|18,345
467722|YTL-C22|0.050|0.000|0.000|0.000|0.00|0
467723|YTL-C23|0.070|0.065|0.060|-0.010|-14.29|4
467724|YTL-C24|0.150|0.075|0.075|-0.075|-50.00|200
2577|YTLLAND|0.390|0.385|0.400|+0.010|+2.56|670
2577LA|YTLLAND-LA|0.355|0.360|0.365|+0.010|+2.82|112
6742|YTLPOWR|0.855|0.855|0.850|-0.005|-0.58|8,247
6742C5|YTLPOWR-C5|0.005|0.000|0.000|0.000|0.00|0
6742C6|YTLPOWR-C6|0.055|0.000|0.000|0.000|0.00|0
6742C7|YTLPOWR-C7|0.150|0.000|0.000|0.000|0.00|0
5109|YTLREIT|1.270|1.270|1.270|0.000|0.00|681
7028|ZECON|0.300|0.300|0.285|-0.015|-5.00|14,252
2283|ZELAN|0.095|0.095|0.100|+0.005|+5.26|131,976
5131|ZHULIAN|1.380|1.370|1.380|0.000|0.00|51
0012|3A|0.885|0.895|0.960|+0.075|+8.47|21,304
